% * Sample: LD1014_270_20220105_REP_3
% * Date / time: 2022-01-05 17:12:32.497879
% Column 1:  PSU1 nominal voltage setting (V)
% Column 2:  PSU1 nominal current setting (A)
% Column 3:  PSU1 voltage measurement (V)
% Column 4:  PSU1 current measurement (I)
% Column 5:  PSU1 limiter flag
% Column 6:  PSU2 nominal voltage setting (V)
% Column 7:  PSU2 nominal current setting (A)
% Column 8:  PSU2 voltage measurement (V)
% Column 9:  PSU2 current measurement (I)
% Column 10: PSU2 limiter flag
% Column 11: Heaterblock temperature (°C)
% * OPERATING POINT AT END OF PREHEAT / IDLE: U0 = 2.400 V  I0 = 1.496 A  Uc = -1.040 V  Ic = -0.002 A  T = 40.00 °C
0.000 5.000 0.000 0.050 0 -0.000 -1.000 -0.004 -0.002 0 40.00
0.200 5.000 0.200 1.704 0 -0.000 -1.000 -0.004 -0.002 0 40.00
0.400 5.000 0.400 3.302 0 -0.000 -1.000 -0.004 -0.002 0 40.00
0.600 5.000 0.600 4.825 0 -0.000 -1.000 -0.004 -0.002 0 40.00
0.800 5.000 0.607 4.784 1 -0.000 -1.000 -0.004 -0.002 0 40.00
0.000 5.000 0.000 0.041 0 -0.100 -1.000 -0.100 -0.002 0 40.00
0.200 5.000 0.200 1.672 0 -0.100 -1.000 -0.100 -0.002 0 40.00
0.400 5.000 0.400 3.208 0 -0.100 -1.000 -0.100 -0.002 0 40.00
0.600 5.000 0.600 4.591 0 -0.100 -1.000 -0.100 -0.002 0 40.00
0.800 5.000 0.708 5.004 1 -0.100 -1.000 -0.100 -0.002 0 40.00
0.000 5.000 0.000 0.043 0 -0.200 -1.000 -0.200 -0.002 0 40.00
0.200 5.000 0.200 1.621 0 -0.200 -1.000 -0.200 -0.002 0 40.00
0.400 5.000 0.400 3.030 0 -0.200 -1.000 -0.200 -0.002 0 40.00
0.600 5.000 0.600 4.173 0 -0.200 -1.000 -0.200 -0.002 0 40.00
0.800 5.000 0.806 5.012 1 -0.200 -1.000 -0.200 -0.002 0 40.00
0.000 5.000 0.000 0.042 0 -0.300 -1.000 -0.300 -0.002 0 40.00
0.200 5.000 0.200 1.521 0 -0.300 -1.000 -0.300 -0.002 0 40.00
0.400 5.000 0.400 2.691 0 -0.300 -1.000 -0.300 -0.002 0 40.00
0.600 5.000 0.600 3.596 0 -0.300 -1.000 -0.300 -0.002 0 40.06
0.800 5.000 0.800 4.388 0 -0.300 -1.000 -0.300 -0.002 0 40.00
1.000 5.000 1.005 5.024 1 -0.300 -1.000 -0.300 -0.002 0 40.06
0.000 5.000 0.000 0.040 0 -0.400 -1.000 -0.400 -0.002 0 40.00
0.200 5.000 0.200 1.310 0 -0.400 -1.000 -0.400 -0.002 0 40.00
0.400 5.000 0.400 2.185 0 -0.400 -1.000 -0.400 -0.002 0 40.00
0.600 5.000 0.600 2.934 0 -0.400 -1.000 -0.400 -0.002 0 40.00
0.800 5.000 0.800 3.630 0 -0.400 -1.000 -0.400 -0.002 0 40.00
1.000 5.000 1.000 4.302 0 -0.400 -1.000 -0.400 -0.002 0 40.00
1.200 5.000 1.200 4.948 0 -0.400 -1.000 -0.400 -0.002 0 40.00
1.400 5.000 1.306 4.990 1 -0.400 -1.000 -0.400 -0.002 0 40.00
0.000 5.000 0.000 0.039 0 -0.500 -1.000 -0.500 -0.002 0 40.06
0.200 5.000 0.200 0.957 0 -0.500 -1.000 -0.500 -0.002 0 40.06
0.400 5.000 0.400 1.604 0 -0.500 -1.000 -0.500 -0.002 0 40.06
0.600 5.000 0.600 2.231 0 -0.500 -1.000 -0.500 -0.002 0 40.06
0.800 5.000 0.800 2.846 0 -0.500 -1.000 -0.500 -0.002 0 40.06
1.000 5.000 1.000 3.447 0 -0.500 -1.000 -0.500 -0.002 0 40.06
1.200 5.000 1.200 4.043 0 -0.500 -1.000 -0.500 -0.002 0 40.00
1.400 5.000 1.400 4.627 0 -0.500 -1.000 -0.500 -0.002 0 40.00
1.600 5.000 1.608 5.050 1 -0.500 -1.000 -0.500 -0.002 0 40.00
0.000 5.000 0.000 0.029 0 -0.600 -1.000 -0.600 -0.002 0 40.00
0.200 5.000 0.200 0.549 0 -0.600 -1.000 -0.600 -0.002 0 40.00
0.400 5.000 0.400 1.017 0 -0.600 -1.000 -0.600 -0.002 0 40.00
0.600 5.000 0.600 1.526 0 -0.600 -1.000 -0.600 -0.002 0 40.06
0.800 5.000 0.800 2.050 0 -0.600 -1.000 -0.600 -0.002 0 40.00
1.000 5.000 1.000 2.583 0 -0.600 -1.000 -0.600 -0.002 0 40.06
1.200 5.000 1.200 3.121 0 -0.600 -1.000 -0.600 -0.002 0 40.00
1.400 5.000 1.400 3.663 0 -0.600 -1.000 -0.600 -0.002 0 40.00
1.600 5.000 1.600 4.197 0 -0.600 -1.000 -0.600 -0.002 0 40.00
1.800 5.000 1.800 4.748 0 -0.600 -1.000 -0.600 -0.002 0 40.00
2.000 5.000 1.964 4.991 1 -0.600 -1.000 -0.600 -0.002 0 40.06
0.000 5.000 0.000 0.013 0 -0.700 -1.000 -0.700 -0.002 0 40.06
0.200 5.000 0.200 0.231 0 -0.700 -1.000 -0.700 -0.002 0 40.06
0.400 5.000 0.400 0.520 0 -0.700 -1.000 -0.700 -0.002 0 40.06
0.600 5.000 0.600 0.893 0 -0.700 -1.000 -0.700 -0.002 0 40.06
0.800 5.000 0.800 1.313 0 -0.700 -1.000 -0.700 -0.002 0 40.06
1.000 5.000 1.000 1.761 0 -0.700 -1.000 -0.700 -0.002 0 40.00
1.200 5.000 1.200 2.230 0 -0.700 -1.000 -0.700 -0.002 0 40.00
1.400 5.000 1.400 2.710 0 -0.700 -1.000 -0.700 -0.002 0 40.00
1.600 5.000 1.600 3.208 0 -0.700 -1.000 -0.700 -0.002 0 40.00
1.800 5.000 1.800 3.710 0 -0.700 -1.000 -0.700 -0.002 0 40.00
2.000 5.000 2.000 4.220 0 -0.700 -1.000 -0.700 -0.002 0 40.00
2.200 5.000 2.200 4.735 0 -0.700 -1.000 -0.700 -0.002 0 40.00
2.400 5.000 2.357 4.962 1 -0.700 -1.000 -0.700 -0.002 0 40.00
0.000 5.000 0.000 0.004 0 -0.800 -1.000 -0.800 -0.002 0 40.00
0.200 5.000 0.200 0.064 0 -0.800 -1.000 -0.800 -0.002 0 40.06
0.400 5.000 0.400 0.183 0 -0.800 -1.000 -0.800 -0.002 0 40.06
0.600 5.000 0.600 0.391 0 -0.800 -1.000 -0.800 -0.002 0 40.06
0.800 5.000 0.800 0.672 0 -0.800 -1.000 -0.800 -0.002 0 40.06
1.000 5.000 1.000 1.009 0 -0.800 -1.000 -0.800 -0.002 0 40.06
1.200 5.000 1.200 1.389 0 -0.800 -1.000 -0.800 -0.002 0 40.00
1.400 5.000 1.400 1.796 0 -0.800 -1.000 -0.800 -0.002 0 40.00
1.600 5.000 1.600 2.220 0 -0.800 -1.000 -0.800 -0.002 0 40.00
1.800 5.000 1.800 2.666 0 -0.800 -1.000 -0.800 -0.002 0 40.00
2.000 5.000 2.000 3.138 0 -0.800 -1.000 -0.800 -0.002 0 40.00
2.200 5.000 2.200 3.614 0 -0.800 -1.000 -0.800 -0.002 0 40.00
2.400 5.000 2.400 4.110 0 -0.800 -1.000 -0.800 -0.002 0 40.00
2.600 5.000 2.600 4.595 0 -0.800 -1.000 -0.800 -0.002 0 40.00
2.800 5.000 2.808 5.009 1 -0.800 -1.000 -0.800 -0.002 0 40.00
0.000 5.000 0.000 0.001 0 -0.900 -1.000 -0.900 -0.002 0 40.06
0.200 5.000 0.200 0.013 0 -0.900 -1.000 -0.900 -0.002 0 40.06
0.400 5.000 0.400 0.041 0 -0.900 -1.000 -0.900 -0.002 0 40.06
0.600 5.000 0.600 0.113 0 -0.900 -1.000 -0.900 -0.002 0 40.06
0.800 5.000 0.800 0.241 0 -0.900 -1.000 -0.900 -0.002 0 40.06
1.000 5.000 1.000 0.434 0 -0.900 -1.000 -0.900 -0.002 0 40.06
1.200 5.000 1.200 0.688 0 -0.900 -1.000 -0.900 -0.002 0 40.06
1.400 5.000 1.400 0.985 0 -0.900 -1.000 -0.900 -0.002 0 40.00
1.600 5.000 1.600 1.326 0 -0.900 -1.000 -0.900 -0.002 0 40.00
1.800 5.000 1.800 1.697 0 -0.900 -1.000 -0.900 -0.002 0 40.00
2.000 5.000 2.000 2.093 0 -0.900 -1.000 -0.900 -0.002 0 39.94
2.200 5.000 2.200 2.520 0 -0.900 -1.000 -0.900 -0.002 0 39.94
2.400 5.000 2.400 2.950 0 -0.900 -1.000 -0.900 -0.002 0 39.94
2.600 5.000 2.600 3.416 0 -0.900 -1.000 -0.900 -0.002 0 39.94
2.800 5.000 2.800 3.891 0 -0.900 -1.000 -0.900 -0.002 0 40.00
3.000 5.000 3.000 4.373 0 -0.900 -1.000 -0.900 -0.002 0 40.00
3.200 5.000 3.200 4.869 0 -0.900 -1.000 -0.900 -0.002 0 40.00
3.400 5.000 3.250 4.779 1 -0.900 -1.000 -0.900 -0.002 0 40.00
0.000 5.000 0.000 0.000 0 -1.000 -1.000 -1.000 -0.002 0 40.06
0.200 5.000 0.200 0.001 0 -1.000 -1.000 -1.000 -0.002 0 40.06
0.400 5.000 0.400 0.007 0 -1.000 -1.000 -1.000 -0.002 0 40.12
0.600 5.000 0.600 0.021 0 -1.000 -1.000 -1.000 -0.002 0 40.06
0.800 5.000 0.800 0.055 0 -1.000 -1.000 -1.000 -0.002 0 40.06
1.000 5.000 1.000 0.120 0 -1.000 -1.000 -1.000 -0.002 0 40.06
1.200 5.000 1.200 0.230 0 -1.000 -1.000 -1.000 -0.002 0 40.00
1.400 5.000 1.400 0.391 0 -1.000 -1.000 -1.000 -0.002 0 40.00
1.600 5.000 1.600 0.600 0 -1.000 -1.000 -1.000 -0.002 0 40.00
1.800 5.000 1.800 0.859 0 -1.000 -1.000 -1.000 -0.002 0 40.00
2.000 5.000 2.000 1.159 0 -1.000 -1.000 -1.000 -0.002 0 39.94
2.200 5.000 2.200 1.492 0 -1.000 -1.000 -1.000 -0.002 0 39.94
2.400 5.000 2.400 1.856 0 -1.000 -1.000 -1.000 -0.002 0 39.94
2.600 5.000 2.600 2.245 0 -1.000 -1.000 -1.000 -0.002 0 39.94
2.800 5.000 2.800 2.675 0 -1.000 -1.000 -1.000 -0.002 0 39.94
3.000 5.000 3.000 3.110 0 -1.000 -1.000 -1.000 -0.002 0 39.94
3.200 5.000 3.200 3.580 0 -1.000 -1.000 -1.000 -0.002 0 39.94
3.400 5.000 3.400 4.039 0 -1.000 -1.000 -1.000 -0.002 0 40.00
3.600 5.000 3.600 4.527 0 -1.000 -1.000 -1.000 -0.002 0 40.00
3.800 5.000 3.806 4.980 1 -1.000 -1.000 -1.000 -0.002 0 40.06
0.000 5.000 0.000 0.000 0 -1.100 -0.909 -1.100 -0.002 0 40.12
0.200 5.000 0.200 0.000 0 -1.100 -0.909 -1.100 -0.002 0 40.12
0.400 5.000 0.400 0.000 0 -1.100 -0.909 -1.100 -0.002 0 40.12
0.600 5.000 0.600 0.003 0 -1.100 -0.909 -1.100 -0.002 0 40.12
0.800 5.000 0.800 0.008 0 -1.100 -0.909 -1.100 -0.002 0 40.12
1.000 5.000 1.000 0.021 0 -1.100 -0.909 -1.100 -0.002 0 40.06
1.200 5.000 1.200 0.049 0 -1.100 -0.909 -1.100 -0.002 0 40.06
1.400 5.000 1.400 0.097 0 -1.100 -0.909 -1.100 -0.002 0 40.06
1.600 5.000 1.600 0.179 0 -1.100 -0.909 -1.100 -0.002 0 40.00
1.800 5.000 1.800 0.299 0 -1.100 -0.909 -1.100 -0.002 0 40.00
2.000 5.000 2.000 0.463 0 -1.100 -0.909 -1.100 -0.002 0 39.94
2.200 5.000 2.200 0.671 0 -1.100 -0.909 -1.100 -0.002 0 39.94
2.400 5.000 2.400 0.922 0 -1.100 -0.909 -1.100 -0.002 0 39.94
2.600 5.000 2.600 1.210 0 -1.100 -0.909 -1.100 -0.002 0 39.94
2.800 5.000 2.800 1.547 0 -1.100 -0.909 -1.100 -0.002 0 39.88
3.000 5.000 3.000 1.906 0 -1.100 -0.909 -1.100 -0.002 0 39.94
3.200 5.000 3.200 2.308 0 -1.100 -0.909 -1.100 -0.002 0 39.94
3.400 5.000 3.400 2.713 0 -1.100 -0.909 -1.100 -0.002 0 39.94
3.600 5.000 3.600 3.153 0 -1.100 -0.909 -1.100 -0.002 0 39.94
3.800 5.000 3.800 3.633 0 -1.100 -0.909 -1.100 -0.002 0 39.94
4.000 5.000 4.000 4.124 0 -1.100 -0.909 -1.100 -0.002 0 40.00
4.200 5.000 4.200 4.665 0 -1.100 -0.909 -1.100 -0.002 0 40.00
4.400 5.000 4.329 4.845 1 -1.100 -0.909 -1.100 -0.002 0 40.06
0.000 5.000 0.000 0.000 0 -1.200 -0.833 -1.200 -0.002 0 40.12
0.200 5.000 0.200 0.000 0 -1.200 -0.833 -1.200 -0.002 0 40.12
0.400 5.000 0.400 0.000 0 -1.200 -0.833 -1.200 -0.002 0 40.12
0.600 5.000 0.600 0.000 0 -1.200 -0.833 -1.200 -0.002 0 40.12
0.800 5.000 0.800 0.001 0 -1.200 -0.833 -1.200 -0.002 0 40.12
1.000 5.000 1.000 0.002 0 -1.200 -0.833 -1.200 -0.002 0 40.06
1.200 5.000 1.200 0.006 0 -1.200 -0.833 -1.200 -0.002 0 40.06
1.400 5.000 1.400 0.016 0 -1.200 -0.833 -1.200 -0.002 0 40.06
1.600 5.000 1.600 0.033 0 -1.200 -0.833 -1.200 -0.002 0 40.00
1.800 5.000 1.800 0.066 0 -1.200 -0.833 -1.200 -0.002 0 40.00
2.000 5.000 2.000 0.118 0 -1.200 -0.833 -1.200 -0.002 0 39.94
2.200 5.000 2.200 0.198 0 -1.200 -0.833 -1.200 -0.002 0 39.94
2.400 5.000 2.400 0.313 0 -1.200 -0.833 -1.200 -0.002 0 39.94
2.600 5.000 2.600 0.465 0 -1.200 -0.833 -1.200 -0.002 0 39.88
2.800 5.000 2.800 0.664 0 -1.200 -0.833 -1.200 -0.002 0 39.88
3.000 5.000 3.000 0.901 0 -1.200 -0.833 -1.200 -0.002 0 39.88
3.200 5.000 3.200 1.180 0 -1.200 -0.833 -1.200 -0.002 0 39.88
3.400 5.000 3.400 1.508 0 -1.200 -0.833 -1.200 -0.002 0 39.88
3.600 5.000 3.600 1.856 0 -1.200 -0.833 -1.200 -0.002 0 39.94
3.800 5.000 3.800 2.263 0 -1.200 -0.833 -1.200 -0.002 0 39.94
4.000 5.000 4.000 2.696 0 -1.200 -0.833 -1.200 -0.002 0 39.94
4.200 5.000 4.200 3.162 0 -1.200 -0.833 -1.200 -0.002 0 39.94
4.400 5.000 4.400 3.665 0 -1.200 -0.833 -1.200 -0.002 0 40.00
4.600 5.000 4.600 4.207 0 -1.200 -0.833 -1.200 -0.002 0 40.00
4.800 5.000 4.800 4.871 0 -1.200 -0.833 -1.200 -0.002 0 40.06
5.000 5.000 4.797 4.799 1 -1.200 -0.833 -1.200 -0.002 0 40.06
0.000 5.000 0.000 0.000 0 -1.300 -0.769 -1.300 -0.002 0 40.19
0.200 5.000 0.200 0.000 0 -1.300 -0.769 -1.300 -0.002 0 40.19
0.400 5.000 0.400 0.000 0 -1.300 -0.769 -1.300 -0.002 0 40.19
0.600 5.000 0.600 0.000 0 -1.300 -0.769 -1.300 -0.002 0 40.19
0.800 5.000 0.800 0.000 0 -1.300 -0.769 -1.300 -0.002 0 40.12
1.000 5.000 1.000 0.000 0 -1.300 -0.769 -1.300 -0.002 0 40.12
1.200 5.000 1.200 0.000 0 -1.300 -0.769 -1.300 -0.002 0 40.06
1.400 5.000 1.400 0.002 0 -1.300 -0.769 -1.300 -0.002 0 40.00
1.600 5.000 1.600 0.004 0 -1.300 -0.769 -1.300 -0.002 0 40.00
1.800 5.000 1.800 0.009 0 -1.300 -0.769 -1.300 -0.002 0 39.94
2.000 5.000 2.000 0.020 0 -1.300 -0.769 -1.300 -0.002 0 39.94
2.200 5.000 2.200 0.038 0 -1.300 -0.769 -1.300 -0.002 0 39.88
2.400 5.000 2.400 0.068 0 -1.300 -0.769 -1.300 -0.002 0 39.88
2.600 5.000 2.600 0.114 0 -1.300 -0.769 -1.300 -0.002 0 39.88
2.800 5.000 2.800 0.185 0 -1.300 -0.769 -1.300 -0.002 0 39.88
3.000 5.000 3.000 0.285 0 -1.300 -0.769 -1.300 -0.002 0 39.88
3.200 5.000 3.200 0.417 0 -1.300 -0.769 -1.300 -0.002 0 39.88
3.400 5.000 3.400 0.595 0 -1.300 -0.769 -1.300 -0.002 0 39.88
3.600 5.000 3.600 0.813 0 -1.300 -0.769 -1.300 -0.002 0 39.88
3.800 5.000 3.800 1.076 0 -1.300 -0.769 -1.300 -0.002 0 39.94
4.000 5.000 4.000 1.402 0 -1.300 -0.769 -1.300 -0.002 0 39.94
4.200 5.000 4.200 1.758 0 -1.300 -0.769 -1.300 -0.002 0 39.94
4.400 5.000 4.400 2.200 0 -1.300 -0.769 -1.300 -0.002 0 39.94
4.600 5.000 4.600 2.678 0 -1.300 -0.769 -1.300 -0.002 0 39.94
4.800 5.000 4.800 3.216 0 -1.300 -0.769 -1.300 -0.002 0 40.00
5.000 5.000 5.000 3.810 0 -1.300 -0.769 -1.300 -0.002 0 40.00
5.200 5.000 5.200 4.523 0 -1.300 -0.769 -1.300 -0.002 0 40.06
5.400 5.000 5.233 4.843 1 -1.300 -0.769 -1.300 -0.002 0 40.06
0.000 5.000 0.079 0.000 0 -1.400 -0.714 -1.400 -0.002 0 40.19
0.200 5.000 0.200 0.000 0 -1.400 -0.714 -1.400 -0.002 0 40.19
0.400 5.000 0.400 0.000 0 -1.400 -0.714 -1.400 -0.002 0 40.19
0.600 5.000 0.600 0.000 0 -1.400 -0.714 -1.400 -0.002 0 40.19
0.800 5.000 0.800 0.000 0 -1.400 -0.714 -1.400 -0.002 0 40.12
1.000 5.000 1.000 0.000 0 -1.400 -0.714 -1.400 -0.002 0 40.12
1.200 5.000 1.200 0.000 0 -1.400 -0.714 -1.400 -0.002 0 40.06
1.400 5.000 1.400 0.000 0 -1.400 -0.714 -1.400 -0.002 0 40.00
1.600 5.000 1.600 0.000 0 -1.400 -0.714 -1.400 -0.002 0 40.00
1.800 5.000 1.800 0.000 0 -1.400 -0.714 -1.400 -0.002 0 39.94
2.000 5.000 2.000 0.002 0 -1.400 -0.714 -1.400 -0.002 0 39.94
2.200 5.000 2.200 0.005 0 -1.400 -0.714 -1.400 -0.002 0 39.94
2.400 5.000 2.400 0.011 0 -1.400 -0.714 -1.400 -0.002 0 39.88
2.600 5.000 2.600 0.018 0 -1.400 -0.714 -1.400 -0.002 0 39.88
2.800 5.000 2.800 0.034 0 -1.400 -0.714 -1.400 -0.002 0 39.88
3.000 5.000 3.000 0.057 0 -1.400 -0.714 -1.400 -0.002 0 39.88
3.200 5.000 3.200 0.093 0 -1.400 -0.714 -1.400 -0.002 0 39.88
3.400 5.000 3.400 0.146 0 -1.400 -0.714 -1.400 -0.002 0 39.88
3.600 5.000 3.600 0.224 0 -1.400 -0.714 -1.400 -0.002 0 39.88
3.800 5.000 3.800 0.330 0 -1.400 -0.714 -1.400 -0.002 0 39.88
4.000 5.000 4.000 0.475 0 -1.400 -0.714 -1.400 -0.002 0 39.88
4.200 5.000 4.200 0.673 0 -1.400 -0.714 -1.400 -0.002 0 39.94
4.400 5.000 4.400 0.920 0 -1.400 -0.714 -1.400 -0.002 0 39.94
4.600 5.000 4.600 1.255 0 -1.400 -0.714 -1.400 -0.002 0 39.94
4.800 5.000 4.800 1.671 0 -1.400 -0.714 -1.400 -0.002 0 39.94
5.000 5.000 5.000 2.175 0 -1.400 -0.714 -1.400 -0.002 0 39.94
5.200 5.000 5.200 2.772 0 -1.400 -0.714 -1.400 -0.002 0 40.00
5.400 5.000 5.400 3.458 0 -1.400 -0.714 -1.400 -0.002 0 40.00
5.600 5.000 5.600 4.377 0 -1.400 -0.714 -1.400 -0.002 0 40.06
5.800 5.000 5.576 4.817 1 -1.400 -0.714 -1.400 -0.002 0 40.06
0.000 5.000 0.128 0.000 0 -1.500 -0.667 -1.500 -0.002 0 40.19
0.200 5.000 0.200 0.000 0 -1.500 -0.667 -1.500 -0.002 0 40.19
0.400 5.000 0.400 0.000 0 -1.500 -0.667 -1.500 -0.002 0 40.19
0.600 5.000 0.600 0.000 0 -1.500 -0.667 -1.500 -0.002 0 40.19
0.800 5.000 0.800 0.000 0 -1.500 -0.667 -1.500 -0.002 0 40.19
1.000 5.000 1.000 0.000 0 -1.500 -0.667 -1.500 -0.002 0 40.12
1.200 5.000 1.200 0.000 0 -1.500 -0.667 -1.500 -0.002 0 40.06
1.400 5.000 1.400 0.000 0 -1.500 -0.667 -1.500 -0.002 0 40.00
1.600 5.000 1.600 0.000 0 -1.500 -0.667 -1.500 -0.002 0 40.00
1.800 5.000 1.800 0.000 0 -1.500 -0.667 -1.500 -0.002 0 39.94
2.000 5.000 2.000 0.000 0 -1.500 -0.667 -1.500 -0.002 0 39.94
2.200 5.000 2.200 0.000 0 -1.500 -0.667 -1.500 -0.002 0 39.94
2.400 5.000 2.400 0.001 0 -1.500 -0.667 -1.500 -0.002 0 39.88
2.600 5.000 2.600 0.002 0 -1.500 -0.667 -1.500 -0.002 0 39.88
2.800 5.000 2.800 0.004 0 -1.500 -0.667 -1.500 -0.002 0 39.88
3.000 5.000 3.000 0.008 0 -1.500 -0.667 -1.500 -0.002 0 39.88
3.200 5.000 3.200 0.015 0 -1.500 -0.667 -1.500 -0.002 0 39.88
3.400 5.000 3.400 0.024 0 -1.500 -0.667 -1.500 -0.002 0 39.88
3.600 5.000 3.600 0.041 0 -1.500 -0.667 -1.500 -0.002 0 39.88
3.800 5.000 3.800 0.065 0 -1.500 -0.667 -1.500 -0.002 0 39.94
4.000 5.000 4.000 0.102 0 -1.500 -0.667 -1.500 -0.002 0 39.94
4.200 5.000 4.200 0.155 0 -1.500 -0.667 -1.500 -0.002 0 39.94
4.400 5.000 4.400 0.234 0 -1.500 -0.667 -1.500 -0.002 0 39.94
4.600 5.000 4.600 0.347 0 -1.500 -0.667 -1.500 -0.002 0 39.94
4.800 5.000 4.800 0.516 0 -1.500 -0.667 -1.500 -0.002 0 39.94
5.000 5.000 5.000 0.765 0 -1.500 -0.667 -1.500 -0.002 0 39.94
5.200 5.000 5.200 1.140 0 -1.500 -0.667 -1.500 -0.002 0 39.94
5.400 5.000 5.400 1.708 0 -1.500 -0.667 -1.500 -0.002 0 40.00
5.600 5.000 5.600 2.427 0 -1.500 -0.667 -1.500 -0.002 0 40.00
5.800 5.000 5.800 3.321 0 -1.500 -0.667 -1.500 -0.002 0 40.00
6.000 5.000 6.000 4.479 0 -1.500 -0.667 -1.500 -0.002 0 40.00
6.200 5.000 5.834 4.870 1 -1.500 -0.667 -1.500 -0.002 0 40.06
0.000 5.000 0.174 0.000 0 -1.600 -0.625 -1.600 -0.002 0 40.19
0.200 5.000 0.200 0.000 0 -1.600 -0.625 -1.600 -0.002 0 40.19
0.400 5.000 0.400 0.000 0 -1.600 -0.625 -1.600 -0.002 0 40.19
0.600 5.000 0.600 0.000 0 -1.600 -0.625 -1.600 -0.002 0 40.19
0.800 5.000 0.800 0.000 0 -1.600 -0.625 -1.600 -0.002 0 40.19
1.000 5.000 1.000 0.000 0 -1.600 -0.625 -1.600 -0.002 0 40.12
1.200 5.000 1.200 0.000 0 -1.600 -0.625 -1.600 -0.002 0 40.06
1.400 5.000 1.400 0.000 0 -1.600 -0.625 -1.600 -0.002 0 40.06
1.600 5.000 1.600 0.000 0 -1.600 -0.625 -1.600 -0.002 0 40.00
1.800 5.000 1.800 0.000 0 -1.600 -0.625 -1.600 -0.002 0 39.94
2.000 5.000 2.000 0.000 0 -1.600 -0.625 -1.600 -0.002 0 39.94
2.200 5.000 2.200 0.000 0 -1.600 -0.625 -1.600 -0.002 0 39.88
2.400 5.000 2.400 0.000 0 -1.600 -0.625 -1.600 -0.002 0 39.88
2.600 5.000 2.600 0.000 0 -1.600 -0.625 -1.600 -0.002 0 39.88
2.800 5.000 2.800 0.000 0 -1.600 -0.625 -1.600 -0.002 0 39.88
3.000 5.000 3.000 0.000 0 -1.600 -0.625 -1.600 -0.002 0 39.88
3.200 5.000 3.200 0.001 0 -1.600 -0.625 -1.600 -0.002 0 39.88
3.400 5.000 3.400 0.002 0 -1.600 -0.625 -1.600 -0.002 0 39.88
3.600 5.000 3.600 0.005 0 -1.600 -0.625 -1.600 -0.002 0 39.94
3.800 5.000 3.800 0.010 0 -1.600 -0.625 -1.600 -0.002 0 39.94
4.000 5.000 4.000 0.015 0 -1.600 -0.625 -1.600 -0.002 0 39.94
4.200 5.000 4.200 0.024 0 -1.600 -0.625 -1.600 -0.002 0 39.94
4.400 5.000 4.400 0.040 0 -1.600 -0.625 -1.600 -0.002 0 39.94
4.600 5.000 4.600 0.061 0 -1.600 -0.625 -1.600 -0.002 0 39.94
4.800 5.000 4.800 0.095 0 -1.600 -0.625 -1.600 -0.002 0 39.94
5.000 5.000 5.000 0.145 0 -1.600 -0.625 -1.600 -0.002 0 39.94
5.200 5.000 5.200 0.225 0 -1.600 -0.625 -1.600 -0.002 0 39.94
5.400 5.000 5.400 0.367 0 -1.600 -0.625 -1.600 -0.002 0 40.00
5.600 5.000 5.600 0.634 0 -1.600 -0.625 -1.600 -0.002 0 39.94
5.800 5.000 5.800 1.213 0 -1.600 -0.625 -1.600 -0.002 0 40.00
6.000 5.000 6.000 2.235 0 -1.600 -0.625 -1.600 -0.002 0 40.00
6.200 5.000 6.200 3.421 0 -1.600 -0.625 -1.600 -0.002 0 40.00
6.400 5.000 6.200 4.844 1 -1.600 -0.625 -1.600 -0.002 0 40.00
