% * Sample: LD1014D_270_20220105A
% * Date / time: 2022-01-05 10:22:47.531170
% Column 1:  PSU1 nominal voltage setting (V)
% Column 2:  PSU1 nominal current setting (A)
% Column 3:  PSU1 voltage measurement (V)
% Column 4:  PSU1 current measurement (I)
% Column 5:  PSU1 limiter flag
% Column 6:  PSU2 nominal voltage setting (V)
% Column 7:  PSU2 nominal current setting (A)
% Column 8:  PSU2 voltage measurement (V)
% Column 9:  PSU2 current measurement (I)
% Column 10: PSU2 limiter flag
% Column 11: Heaterblock temperature (°C)
% * OPERATING POINT AT END OF PREHEAT / IDLE: U0 = 2.400 V  I0 = 1.502 A  Uc = -1.038 V  Ic = -0.002 A  T = 39.94 °C
0.000 5.000 0.000 0.063 0 -0.000 -1.000 -0.004 -0.002 0 39.94
0.200 5.000 0.200 1.697 0 -0.000 -1.000 -0.004 -0.002 0 39.94
0.400 5.000 0.400 3.276 0 -0.000 -1.000 -0.004 -0.002 0 39.94
0.600 5.000 0.600 4.780 0 -0.000 -1.000 -0.004 -0.002 0 39.94
0.800 5.000 0.619 4.799 1 -0.000 -1.000 -0.004 -0.002 0 39.94
0.000 5.000 0.000 0.044 0 -0.100 -1.000 -0.100 -0.002 0 39.94
0.200 5.000 0.200 1.659 0 -0.100 -1.000 -0.100 -0.002 0 39.94
0.400 5.000 0.400 3.185 0 -0.100 -1.000 -0.100 -0.002 0 39.88
0.600 5.000 0.600 4.545 0 -0.100 -1.000 -0.100 -0.002 0 39.88
0.800 5.000 0.670 4.816 1 -0.100 -1.000 -0.100 -0.002 0 39.88
0.000 5.000 0.000 0.044 0 -0.200 -1.000 -0.200 -0.002 0 39.88
0.200 5.000 0.200 1.610 0 -0.200 -1.000 -0.200 -0.002 0 39.88
0.400 5.000 0.400 3.001 0 -0.200 -1.000 -0.200 -0.002 0 39.88
0.600 5.000 0.600 4.136 0 -0.200 -1.000 -0.200 -0.002 0 39.88
0.800 5.000 0.806 4.993 1 -0.200 -1.000 -0.200 -0.002 0 39.88
0.000 5.000 0.000 0.055 0 -0.300 -1.000 -0.300 -0.002 0 39.88
0.200 5.000 0.200 1.508 0 -0.300 -1.000 -0.300 -0.002 0 39.88
0.400 5.000 0.400 2.664 0 -0.300 -1.000 -0.300 -0.002 0 39.88
0.600 5.000 0.600 3.558 0 -0.300 -1.000 -0.300 -0.002 0 39.88
0.800 5.000 0.800 4.344 0 -0.300 -1.000 -0.300 -0.002 0 39.94
1.000 5.000 1.006 5.002 1 -0.300 -1.000 -0.300 -0.002 0 39.88
0.000 5.000 0.000 0.052 0 -0.400 -1.000 -0.400 -0.002 0 39.94
0.200 5.000 0.200 1.298 0 -0.400 -1.000 -0.400 -0.002 0 39.94
0.400 5.000 0.400 2.163 0 -0.400 -1.000 -0.400 -0.002 0 39.94
0.600 5.000 0.600 2.900 0 -0.400 -1.000 -0.400 -0.002 0 39.94
0.800 5.000 0.800 3.597 0 -0.400 -1.000 -0.400 -0.002 0 39.94
1.000 5.000 1.000 4.257 0 -0.400 -1.000 -0.400 -0.002 0 39.94
1.200 5.000 1.200 4.906 0 -0.400 -1.000 -0.400 -0.002 0 39.94
1.400 5.000 1.325 5.014 1 -0.400 -1.000 -0.400 -0.002 0 39.94
0.000 5.000 0.000 0.049 0 -0.500 -1.000 -0.500 -0.002 0 40.00
0.200 5.000 0.200 0.953 0 -0.500 -1.000 -0.500 -0.002 0 40.00
0.400 5.000 0.400 1.588 0 -0.500 -1.000 -0.500 -0.002 0 40.00
0.600 5.000 0.600 2.208 0 -0.500 -1.000 -0.500 -0.002 0 40.00
0.800 5.000 0.800 2.814 0 -0.500 -1.000 -0.500 -0.002 0 40.00
1.000 5.000 1.000 3.412 0 -0.500 -1.000 -0.500 -0.002 0 40.00
1.200 5.000 1.200 4.005 0 -0.500 -1.000 -0.500 -0.002 0 40.00
1.400 5.000 1.400 4.591 0 -0.500 -1.000 -0.500 -0.002 0 39.94
1.600 5.000 1.607 5.026 1 -0.500 -1.000 -0.500 -0.002 0 39.94
0.000 5.000 0.000 0.034 0 -0.600 -1.000 -0.600 -0.002 0 39.94
0.200 5.000 0.200 0.547 0 -0.600 -1.000 -0.600 -0.002 0 40.00
0.400 5.000 0.400 1.008 0 -0.600 -1.000 -0.600 -0.002 0 40.00
0.600 5.000 0.600 1.514 0 -0.600 -1.000 -0.600 -0.002 0 40.00
0.800 5.000 0.800 2.031 0 -0.600 -1.000 -0.600 -0.002 0 40.00
1.000 5.000 1.000 2.555 0 -0.600 -1.000 -0.600 -0.002 0 40.00
1.200 5.000 1.200 3.094 0 -0.600 -1.000 -0.600 -0.002 0 40.00
1.400 5.000 1.400 3.627 0 -0.600 -1.000 -0.600 -0.002 0 40.00
1.600 5.000 1.600 4.171 0 -0.600 -1.000 -0.600 -0.002 0 40.00
1.800 5.000 1.800 4.701 0 -0.600 -1.000 -0.600 -0.002 0 40.00
2.000 5.000 1.987 5.011 1 -0.600 -1.000 -0.600 -0.002 0 40.00
0.000 5.000 0.000 0.014 0 -0.700 -1.000 -0.700 -0.002 0 40.00
0.200 5.000 0.200 0.231 0 -0.700 -1.000 -0.700 -0.002 0 40.00
0.400 5.000 0.400 0.516 0 -0.700 -1.000 -0.700 -0.002 0 40.00
0.600 5.000 0.600 0.885 0 -0.700 -1.000 -0.700 -0.002 0 40.00
0.800 5.000 0.800 1.302 0 -0.700 -1.000 -0.700 -0.002 0 40.00
1.000 5.000 1.000 1.745 0 -0.700 -1.000 -0.700 -0.002 0 40.00
1.200 5.000 1.200 2.212 0 -0.700 -1.000 -0.700 -0.002 0 39.94
1.400 5.000 1.400 2.688 0 -0.700 -1.000 -0.700 -0.002 0 40.00
1.600 5.000 1.600 3.176 0 -0.700 -1.000 -0.700 -0.002 0 39.94
1.800 5.000 1.800 3.683 0 -0.700 -1.000 -0.700 -0.002 0 39.94
2.000 5.000 2.000 4.189 0 -0.700 -1.000 -0.700 -0.002 0 39.94
2.200 5.000 2.200 4.712 0 -0.700 -1.000 -0.700 -0.002 0 40.00
2.400 5.000 2.381 4.996 1 -0.700 -1.000 -0.700 -0.002 0 40.00
0.000 5.000 0.000 0.005 0 -0.800 -1.000 -0.800 -0.002 0 40.00
0.200 5.000 0.200 0.064 0 -0.800 -1.000 -0.800 -0.002 0 40.00
0.400 5.000 0.400 0.183 0 -0.800 -1.000 -0.800 -0.002 0 40.06
0.600 5.000 0.600 0.388 0 -0.800 -1.000 -0.800 -0.002 0 40.06
0.800 5.000 0.800 0.667 0 -0.800 -1.000 -0.800 -0.002 0 40.00
1.000 5.000 1.000 1.001 0 -0.800 -1.000 -0.800 -0.002 0 40.00
1.200 5.000 1.200 1.376 0 -0.800 -1.000 -0.800 -0.002 0 40.00
1.400 5.000 1.400 1.779 0 -0.800 -1.000 -0.800 -0.002 0 40.00
1.600 5.000 1.600 2.203 0 -0.800 -1.000 -0.800 -0.002 0 40.00
1.800 5.000 1.800 2.646 0 -0.800 -1.000 -0.800 -0.002 0 40.00
2.000 5.000 2.000 3.115 0 -0.800 -1.000 -0.800 -0.002 0 40.00
2.200 5.000 2.200 3.588 0 -0.800 -1.000 -0.800 -0.002 0 40.00
2.400 5.000 2.400 4.082 0 -0.800 -1.000 -0.800 -0.002 0 40.00
2.600 5.000 2.600 4.562 0 -0.800 -1.000 -0.800 -0.002 0 40.00
2.800 5.000 2.808 5.000 1 -0.800 -1.000 -0.800 -0.002 0 40.00
0.000 5.000 0.000 0.001 0 -0.900 -1.000 -0.900 -0.002 0 40.00
0.200 5.000 0.200 0.013 0 -0.900 -1.000 -0.900 -0.002 0 40.06
0.400 5.000 0.400 0.042 0 -0.900 -1.000 -0.900 -0.002 0 40.06
0.600 5.000 0.600 0.111 0 -0.900 -1.000 -0.900 -0.002 0 40.06
0.800 5.000 0.800 0.240 0 -0.900 -1.000 -0.900 -0.002 0 40.06
1.000 5.000 1.000 0.431 0 -0.900 -1.000 -0.900 -0.002 0 40.06
1.200 5.000 1.200 0.681 0 -0.900 -1.000 -0.900 -0.002 0 40.00
1.400 5.000 1.400 0.980 0 -0.900 -1.000 -0.900 -0.002 0 40.00
1.600 5.000 1.600 1.312 0 -0.900 -1.000 -0.900 -0.002 0 40.00
1.800 5.000 1.800 1.678 0 -0.900 -1.000 -0.900 -0.002 0 40.00
2.000 5.000 2.000 2.079 0 -0.900 -1.000 -0.900 -0.002 0 39.94
2.200 5.000 2.200 2.496 0 -0.900 -1.000 -0.900 -0.002 0 39.94
2.400 5.000 2.400 2.942 0 -0.900 -1.000 -0.900 -0.002 0 39.94
2.600 5.000 2.600 3.383 0 -0.900 -1.000 -0.900 -0.002 0 39.94
2.800 5.000 2.800 3.866 0 -0.900 -1.000 -0.900 -0.002 0 39.94
3.000 5.000 3.000 4.344 0 -0.900 -1.000 -0.900 -0.002 0 39.94
3.200 5.000 3.200 4.837 0 -0.900 -1.000 -0.900 -0.002 0 40.00
3.400 5.000 3.287 4.853 1 -0.900 -1.000 -0.900 -0.002 0 40.00
0.000 5.000 0.000 0.000 0 -1.000 -1.000 -1.000 -0.002 0 40.06
0.200 5.000 0.200 0.001 0 -1.000 -1.000 -1.000 -0.002 0 40.06
0.400 5.000 0.400 0.006 0 -1.000 -1.000 -1.000 -0.002 0 40.06
0.600 5.000 0.600 0.021 0 -1.000 -1.000 -1.000 -0.002 0 40.12
0.800 5.000 0.800 0.054 0 -1.000 -1.000 -1.000 -0.002 0 40.06
1.000 5.000 1.000 0.119 0 -1.000 -1.000 -1.000 -0.002 0 40.06
1.200 5.000 1.200 0.229 0 -1.000 -1.000 -1.000 -0.002 0 40.06
1.400 5.000 1.400 0.388 0 -1.000 -1.000 -1.000 -0.002 0 40.00
1.600 5.000 1.600 0.598 0 -1.000 -1.000 -1.000 -0.002 0 40.00
1.800 5.000 1.800 0.852 0 -1.000 -1.000 -1.000 -0.002 0 40.00
2.000 5.000 2.000 1.151 0 -1.000 -1.000 -1.000 -0.002 0 40.00
2.200 5.000 2.200 1.481 0 -1.000 -1.000 -1.000 -0.002 0 39.94
2.400 5.000 2.400 1.842 0 -1.000 -1.000 -1.000 -0.002 0 39.94
2.600 5.000 2.600 2.240 0 -1.000 -1.000 -1.000 -0.002 0 39.94
2.800 5.000 2.800 2.645 0 -1.000 -1.000 -1.000 -0.002 0 39.94
3.000 5.000 3.000 3.091 0 -1.000 -1.000 -1.000 -0.002 0 39.94
3.200 5.000 3.200 3.545 0 -1.000 -1.000 -1.000 -0.002 0 39.94
3.400 5.000 3.400 4.027 0 -1.000 -1.000 -1.000 -0.002 0 39.94
3.600 5.000 3.600 4.497 0 -1.000 -1.000 -1.000 -0.002 0 40.00
3.800 5.000 3.805 4.998 1 -1.000 -1.000 -1.000 -0.002 0 40.00
0.000 5.000 0.000 0.000 0 -1.100 -0.909 -1.100 -0.002 0 40.06
0.200 5.000 0.200 0.000 0 -1.100 -0.909 -1.100 -0.002 0 40.06
0.400 5.000 0.400 0.000 0 -1.100 -0.909 -1.100 -0.002 0 40.12
0.600 5.000 0.600 0.003 0 -1.100 -0.909 -1.100 -0.002 0 40.12
0.800 5.000 0.800 0.008 0 -1.100 -0.909 -1.100 -0.002 0 40.12
1.000 5.000 1.000 0.022 0 -1.100 -0.909 -1.100 -0.002 0 40.06
1.200 5.000 1.200 0.048 0 -1.100 -0.909 -1.100 -0.002 0 40.06
1.400 5.000 1.400 0.097 0 -1.100 -0.909 -1.100 -0.002 0 40.06
1.600 5.000 1.600 0.177 0 -1.100 -0.909 -1.100 -0.002 0 40.00
1.800 5.000 1.800 0.298 0 -1.100 -0.909 -1.100 -0.002 0 40.00
2.000 5.000 2.000 0.461 0 -1.100 -0.909 -1.100 -0.002 0 39.94
2.200 5.000 2.200 0.670 0 -1.100 -0.909 -1.100 -0.002 0 39.94
2.400 5.000 2.400 0.916 0 -1.100 -0.909 -1.100 -0.002 0 39.94
2.600 5.000 2.600 1.202 0 -1.100 -0.909 -1.100 -0.002 0 39.94
2.800 5.000 2.800 1.536 0 -1.100 -0.909 -1.100 -0.002 0 39.94
3.000 5.000 3.000 1.892 0 -1.100 -0.909 -1.100 -0.002 0 39.94
3.200 5.000 3.200 2.290 0 -1.100 -0.909 -1.100 -0.002 0 39.94
3.400 5.000 3.400 2.690 0 -1.100 -0.909 -1.100 -0.002 0 39.94
3.600 5.000 3.600 3.143 0 -1.100 -0.909 -1.100 -0.002 0 39.94
3.800 5.000 3.800 3.602 0 -1.100 -0.909 -1.100 -0.002 0 39.94
4.000 5.000 4.000 4.089 0 -1.100 -0.909 -1.100 -0.002 0 40.00
4.200 5.000 4.200 4.602 0 -1.100 -0.909 -1.100 -0.002 0 40.00
4.400 5.000 4.359 4.902 1 -1.100 -0.909 -1.100 -0.002 0 40.00
0.000 5.000 0.000 0.000 0 -1.200 -0.833 -1.200 -0.002 0 40.12
0.200 5.000 0.200 0.000 0 -1.200 -0.833 -1.200 -0.002 0 40.12
0.400 5.000 0.400 0.000 0 -1.200 -0.833 -1.200 -0.002 0 40.12
0.600 5.000 0.600 0.000 0 -1.200 -0.833 -1.200 -0.002 0 40.12
0.800 5.000 0.800 0.001 0 -1.200 -0.833 -1.200 -0.002 0 40.12
1.000 5.000 1.000 0.002 0 -1.200 -0.833 -1.200 -0.002 0 40.06
1.200 5.000 1.200 0.006 0 -1.200 -0.833 -1.200 -0.002 0 40.06
1.400 5.000 1.400 0.016 0 -1.200 -0.833 -1.200 -0.002 0 40.00
1.600 5.000 1.600 0.034 0 -1.200 -0.833 -1.200 -0.002 0 40.00
1.800 5.000 1.800 0.066 0 -1.200 -0.833 -1.200 -0.002 0 40.00
2.000 5.000 2.000 0.118 0 -1.200 -0.833 -1.200 -0.002 0 40.00
2.200 5.000 2.200 0.197 0 -1.200 -0.833 -1.200 -0.002 0 39.94
2.400 5.000 2.400 0.312 0 -1.200 -0.833 -1.200 -0.002 0 39.94
2.600 5.000 2.600 0.463 0 -1.200 -0.833 -1.200 -0.002 0 39.94
2.800 5.000 2.800 0.658 0 -1.200 -0.833 -1.200 -0.002 0 39.94
3.000 5.000 3.000 0.896 0 -1.200 -0.833 -1.200 -0.002 0 39.88
3.200 5.000 3.200 1.173 0 -1.200 -0.833 -1.200 -0.002 0 39.88
3.400 5.000 3.400 1.498 0 -1.200 -0.833 -1.200 -0.002 0 39.88
3.600 5.000 3.600 1.842 0 -1.200 -0.833 -1.200 -0.002 0 39.94
3.800 5.000 3.800 2.246 0 -1.200 -0.833 -1.200 -0.002 0 39.94
4.000 5.000 4.000 2.673 0 -1.200 -0.833 -1.200 -0.002 0 39.94
4.200 5.000 4.200 3.135 0 -1.200 -0.833 -1.200 -0.002 0 39.94
4.400 5.000 4.400 3.631 0 -1.200 -0.833 -1.200 -0.002 0 40.00
4.600 5.000 4.600 4.164 0 -1.200 -0.833 -1.200 -0.002 0 40.00
4.800 5.000 4.800 4.814 0 -1.200 -0.833 -1.200 -0.002 0 40.06
5.000 5.000 4.822 4.835 1 -1.200 -0.833 -1.200 -0.002 0 40.06
0.000 5.000 0.000 0.000 0 -1.300 -0.769 -1.300 -0.002 0 40.12
0.200 5.000 0.200 0.000 0 -1.300 -0.769 -1.300 -0.002 0 40.19
0.400 5.000 0.400 0.000 0 -1.300 -0.769 -1.300 -0.002 0 40.19
0.600 5.000 0.600 0.000 0 -1.300 -0.769 -1.300 -0.002 0 40.19
0.800 5.000 0.800 0.000 0 -1.300 -0.769 -1.300 -0.002 0 40.12
1.000 5.000 1.000 0.000 0 -1.300 -0.769 -1.300 -0.002 0 40.12
1.200 5.000 1.200 0.000 0 -1.300 -0.769 -1.300 -0.002 0 40.06
1.400 5.000 1.400 0.001 0 -1.300 -0.769 -1.300 -0.002 0 40.00
1.600 5.000 1.600 0.004 0 -1.300 -0.769 -1.300 -0.002 0 40.00
1.800 5.000 1.800 0.009 0 -1.300 -0.769 -1.300 -0.002 0 39.94
2.000 5.000 2.000 0.020 0 -1.300 -0.769 -1.300 -0.002 0 39.94
2.200 5.000 2.200 0.038 0 -1.300 -0.769 -1.300 -0.002 0 39.88
2.400 5.000 2.400 0.067 0 -1.300 -0.769 -1.300 -0.002 0 39.88
2.600 5.000 2.600 0.114 0 -1.300 -0.769 -1.300 -0.002 0 39.88
2.800 5.000 2.800 0.184 0 -1.300 -0.769 -1.300 -0.002 0 39.88
3.000 5.000 3.000 0.282 0 -1.300 -0.769 -1.300 -0.002 0 39.88
3.200 5.000 3.200 0.415 0 -1.300 -0.769 -1.300 -0.002 0 39.88
3.400 5.000 3.400 0.587 0 -1.300 -0.769 -1.300 -0.002 0 39.88
3.600 5.000 3.600 0.807 0 -1.300 -0.769 -1.300 -0.002 0 39.94
3.800 5.000 3.800 1.068 0 -1.300 -0.769 -1.300 -0.002 0 39.94
4.000 5.000 4.000 1.389 0 -1.300 -0.769 -1.300 -0.002 0 39.94
4.200 5.000 4.200 1.742 0 -1.300 -0.769 -1.300 -0.002 0 39.94
4.400 5.000 4.400 2.160 0 -1.300 -0.769 -1.300 -0.002 0 39.94
4.600 5.000 4.600 2.650 0 -1.300 -0.769 -1.300 -0.002 0 40.00
4.800 5.000 4.800 3.179 0 -1.300 -0.769 -1.300 -0.002 0 40.00
5.000 5.000 5.000 3.787 0 -1.300 -0.769 -1.300 -0.002 0 40.00
5.200 5.000 5.200 4.457 0 -1.300 -0.769 -1.300 -0.002 0 40.06
5.400 5.000 5.259 4.874 1 -1.300 -0.769 -1.300 -0.002 0 40.06
0.000 5.000 0.075 0.000 0 -1.400 -0.714 -1.400 -0.002 0 40.12
0.200 5.000 0.200 0.000 0 -1.400 -0.714 -1.400 -0.002 0 40.19
0.400 5.000 0.400 0.000 0 -1.400 -0.714 -1.400 -0.002 0 40.19
0.600 5.000 0.600 0.000 0 -1.400 -0.714 -1.400 -0.002 0 40.19
0.800 5.000 0.800 0.000 0 -1.400 -0.714 -1.400 -0.002 0 40.12
1.000 5.000 1.000 0.000 0 -1.400 -0.714 -1.400 -0.002 0 40.12
1.200 5.000 1.200 0.000 0 -1.400 -0.714 -1.400 -0.002 0 40.06
1.400 5.000 1.400 0.000 0 -1.400 -0.714 -1.400 -0.002 0 40.00
1.600 5.000 1.600 0.000 0 -1.400 -0.714 -1.400 -0.002 0 40.00
1.800 5.000 1.800 0.001 0 -1.400 -0.714 -1.400 -0.002 0 39.94
2.000 5.000 2.000 0.002 0 -1.400 -0.714 -1.400 -0.002 0 39.94
2.200 5.000 2.200 0.004 0 -1.400 -0.714 -1.400 -0.002 0 39.94
2.400 5.000 2.400 0.009 0 -1.400 -0.714 -1.400 -0.002 0 39.88
2.600 5.000 2.600 0.019 0 -1.400 -0.714 -1.400 -0.002 0 39.88
2.800 5.000 2.800 0.033 0 -1.400 -0.714 -1.400 -0.002 0 39.88
3.000 5.000 3.000 0.057 0 -1.400 -0.714 -1.400 -0.002 0 39.88
3.200 5.000 3.200 0.092 0 -1.400 -0.714 -1.400 -0.002 0 39.88
3.400 5.000 3.400 0.146 0 -1.400 -0.714 -1.400 -0.002 0 39.88
3.600 5.000 3.600 0.222 0 -1.400 -0.714 -1.400 -0.002 0 39.88
3.800 5.000 3.800 0.329 0 -1.400 -0.714 -1.400 -0.002 0 39.88
4.000 5.000 4.000 0.472 0 -1.400 -0.714 -1.400 -0.002 0 39.94
4.200 5.000 4.200 0.664 0 -1.400 -0.714 -1.400 -0.002 0 39.94
4.400 5.000 4.400 0.921 0 -1.400 -0.714 -1.400 -0.002 0 39.94
4.600 5.000 4.600 1.232 0 -1.400 -0.714 -1.400 -0.002 0 39.94
4.800 5.000 4.800 1.654 0 -1.400 -0.714 -1.400 -0.002 0 39.94
5.000 5.000 5.000 2.151 0 -1.400 -0.714 -1.400 -0.002 0 40.00
5.200 5.000 5.200 2.738 0 -1.400 -0.714 -1.400 -0.002 0 40.00
5.400 5.000 5.400 3.412 0 -1.400 -0.714 -1.400 -0.002 0 40.00
5.600 5.000 5.600 4.239 0 -1.400 -0.714 -1.400 -0.002 0 40.06
5.800 5.000 5.607 4.846 1 -1.400 -0.714 -1.400 -0.002 0 40.06
0.000 5.000 0.125 0.000 0 -1.500 -0.667 -1.500 -0.002 0 40.19
0.200 5.000 0.200 0.000 0 -1.500 -0.667 -1.500 -0.002 0 40.19
0.400 5.000 0.400 0.000 0 -1.500 -0.667 -1.500 -0.002 0 40.19
0.600 5.000 0.600 0.000 0 -1.500 -0.667 -1.500 -0.002 0 40.19
0.800 5.000 0.800 0.000 0 -1.500 -0.667 -1.500 -0.002 0 40.12
1.000 5.000 1.000 0.000 0 -1.500 -0.667 -1.500 -0.002 0 40.12
1.200 5.000 1.200 0.000 0 -1.500 -0.667 -1.500 -0.002 0 40.06
1.400 5.000 1.400 0.000 0 -1.500 -0.667 -1.500 -0.002 0 40.00
1.600 5.000 1.600 0.000 0 -1.500 -0.667 -1.500 -0.002 0 40.00
1.800 5.000 1.800 0.000 0 -1.500 -0.667 -1.500 -0.002 0 39.94
2.000 5.000 2.000 0.000 0 -1.500 -0.667 -1.500 -0.002 0 39.94
2.200 5.000 2.200 0.000 0 -1.500 -0.667 -1.500 -0.002 0 39.94
2.400 5.000 2.400 0.000 0 -1.500 -0.667 -1.500 -0.002 0 39.88
2.600 5.000 2.600 0.002 0 -1.500 -0.667 -1.500 -0.002 0 39.88
2.800 5.000 2.800 0.004 0 -1.500 -0.667 -1.500 -0.002 0 39.88
3.000 5.000 3.000 0.008 0 -1.500 -0.667 -1.500 -0.002 0 39.88
3.200 5.000 3.200 0.015 0 -1.500 -0.667 -1.500 -0.002 0 39.88
3.400 5.000 3.400 0.025 0 -1.500 -0.667 -1.500 -0.002 0 39.88
3.600 5.000 3.600 0.040 0 -1.500 -0.667 -1.500 -0.002 0 39.88
3.800 5.000 3.800 0.065 0 -1.500 -0.667 -1.500 -0.002 0 39.94
4.000 5.000 4.000 0.101 0 -1.500 -0.667 -1.500 -0.002 0 39.94
4.200 5.000 4.200 0.154 0 -1.500 -0.667 -1.500 -0.002 0 39.94
4.400 5.000 4.400 0.231 0 -1.500 -0.667 -1.500 -0.002 0 39.94
4.600 5.000 4.600 0.342 0 -1.500 -0.667 -1.500 -0.002 0 39.94
4.800 5.000 4.800 0.512 0 -1.500 -0.667 -1.500 -0.002 0 39.94
5.000 5.000 5.000 0.759 0 -1.500 -0.667 -1.500 -0.002 0 39.94
5.200 5.000 5.200 1.145 0 -1.500 -0.667 -1.500 -0.002 0 39.94
5.400 5.000 5.400 1.661 0 -1.500 -0.667 -1.500 -0.002 0 40.00
5.600 5.000 5.600 2.394 0 -1.500 -0.667 -1.500 -0.002 0 40.00
5.800 5.000 5.800 3.238 0 -1.500 -0.667 -1.500 -0.002 0 40.00
6.000 5.000 6.000 4.374 0 -1.500 -0.667 -1.500 -0.002 0 40.00
6.200 5.000 5.863 4.863 1 -1.500 -0.667 -1.500 -0.002 0 40.06
0.000 5.000 0.189 0.000 0 -1.600 -0.625 -1.600 -0.002 0 40.19
0.200 5.000 0.200 0.000 0 -1.600 -0.625 -1.600 -0.002 0 40.19
0.400 5.000 0.400 0.000 0 -1.600 -0.625 -1.600 -0.002 0 40.19
0.600 5.000 0.600 0.000 0 -1.600 -0.625 -1.600 -0.002 0 40.19
0.800 5.000 0.800 0.000 0 -1.600 -0.625 -1.600 -0.002 0 40.19
1.000 5.000 1.000 0.000 0 -1.600 -0.625 -1.600 -0.002 0 40.12
1.200 5.000 1.200 0.000 0 -1.600 -0.625 -1.600 -0.002 0 40.06
1.400 5.000 1.400 0.000 0 -1.600 -0.625 -1.600 -0.002 0 40.06
1.600 5.000 1.600 0.000 0 -1.600 -0.625 -1.600 -0.002 0 40.00
1.800 5.000 1.800 0.000 0 -1.600 -0.625 -1.600 -0.002 0 39.94
2.000 5.000 2.000 0.000 0 -1.600 -0.625 -1.600 -0.002 0 39.94
2.200 5.000 2.200 0.000 0 -1.600 -0.625 -1.600 -0.002 0 39.88
2.400 5.000 2.400 0.000 0 -1.600 -0.625 -1.600 -0.002 0 39.88
2.600 5.000 2.600 0.000 0 -1.600 -0.625 -1.600 -0.002 0 39.88
2.800 5.000 2.800 0.000 0 -1.600 -0.625 -1.600 -0.002 0 39.88
3.000 5.000 3.000 0.000 0 -1.600 -0.625 -1.600 -0.002 0 39.88
3.200 5.000 3.200 0.001 0 -1.600 -0.625 -1.600 -0.002 0 39.88
3.400 5.000 3.400 0.002 0 -1.600 -0.625 -1.600 -0.002 0 39.88
3.600 5.000 3.600 0.005 0 -1.600 -0.625 -1.600 -0.002 0 39.88
3.800 5.000 3.800 0.009 0 -1.600 -0.625 -1.600 -0.002 0 39.88
4.000 5.000 4.000 0.015 0 -1.600 -0.625 -1.600 -0.002 0 39.88
4.200 5.000 4.200 0.024 0 -1.600 -0.625 -1.600 -0.002 0 39.88
4.400 5.000 4.400 0.040 0 -1.600 -0.625 -1.600 -0.002 0 39.94
4.600 5.000 4.600 0.061 0 -1.600 -0.625 -1.600 -0.002 0 39.94
4.800 5.000 4.800 0.094 0 -1.600 -0.625 -1.600 -0.002 0 39.94
5.000 5.000 5.000 0.144 0 -1.600 -0.625 -1.600 -0.002 0 39.94
5.200 5.000 5.200 0.224 0 -1.600 -0.625 -1.600 -0.002 0 39.94
5.400 5.000 5.400 0.361 0 -1.600 -0.625 -1.600 -0.002 0 40.00
5.600 5.000 5.600 0.627 0 -1.600 -0.625 -1.600 -0.002 0 40.00
5.800 5.000 5.800 1.193 0 -1.600 -0.625 -1.600 -0.002 0 40.00
6.000 5.000 6.000 2.194 0 -1.600 -0.625 -1.600 -0.002 0 40.00
6.200 5.000 6.200 3.354 0 -1.600 -0.625 -1.600 -0.002 0 40.00
6.400 5.000 6.231 4.874 1 -1.600 -0.625 -1.600 -0.002 0 40.06
