% * Sample: LD1014D_270_20220103A
% * Date / time: 2022-01-03 11:52:05.981814
% Column 1:  PSU1 nominal voltage setting (V)
% Column 2:  PSU1 nominal current setting (A)
% Column 3:  PSU1 voltage measurement (V)
% Column 4:  PSU1 current measurement (I)
% Column 5:  PSU1 limiter flag
% Column 6:  PSU2 nominal voltage setting (V)
% Column 7:  PSU2 nominal current setting (A)
% Column 8:  PSU2 voltage measurement (V)
% Column 9:  PSU2 current measurement (I)
% Column 10: PSU2 limiter flag
% Column 11: Heaterblock temperature (°C)
% * OPERATING POINT AT END OF PREHEAT / IDLE: U0 = 2.400 V  I0 = 1.499 A  Uc = -1.033 V  Ic = -0.002 A  T = 40.06 °C
0.000 5.000 0.000 0.067 0 -0.000 -1.000 -0.004 -0.002 0 40.06
0.200 5.000 0.200 1.655 0 -0.000 -1.000 -0.004 -0.002 0 40.06
0.400 5.000 0.400 3.192 0 -0.000 -1.000 -0.004 -0.002 0 40.06
0.600 5.000 0.600 4.655 0 -0.000 -1.000 -0.004 -0.002 0 40.00
0.800 5.000 0.642 4.812 1 -0.000 -1.000 -0.004 -0.002 0 40.00
0.000 5.000 0.000 0.047 0 -0.100 -1.000 -0.100 -0.002 0 39.94
0.200 5.000 0.200 1.628 0 -0.100 -1.000 -0.100 -0.002 0 39.94
0.400 5.000 0.400 3.104 0 -0.100 -1.000 -0.100 -0.002 0 39.94
0.600 5.000 0.600 4.431 0 -0.100 -1.000 -0.100 -0.002 0 39.88
0.800 5.000 0.695 4.803 1 -0.100 -1.000 -0.100 -0.002 0 39.88
0.000 5.000 0.000 0.047 0 -0.200 -1.000 -0.200 -0.002 0 39.88
0.200 5.000 0.200 1.571 0 -0.200 -1.000 -0.200 -0.002 0 39.88
0.400 5.000 0.400 2.932 0 -0.200 -1.000 -0.200 -0.002 0 39.94
0.600 5.000 0.600 4.036 0 -0.200 -1.000 -0.200 -0.002 0 39.94
0.800 5.000 0.800 4.913 0 -0.200 -1.000 -0.200 -0.002 0 39.94
1.000 5.000 0.926 5.068 1 -0.200 -1.000 -0.200 -0.002 0 39.94
0.000 5.000 0.000 0.066 0 -0.300 -1.000 -0.300 -0.002 0 40.00
0.200 5.000 0.200 1.488 0 -0.300 -1.000 -0.300 -0.002 0 39.94
0.400 5.000 0.400 2.612 0 -0.300 -1.000 -0.300 -0.002 0 40.00
0.600 5.000 0.600 3.481 0 -0.300 -1.000 -0.300 -0.002 0 40.00
0.800 5.000 0.800 4.240 0 -0.300 -1.000 -0.300 -0.002 0 39.94
1.000 5.000 1.000 4.943 0 -0.300 -1.000 -0.300 -0.002 0 39.94
1.200 5.000 1.109 4.977 1 -0.300 -1.000 -0.300 -0.002 0 39.94
0.000 5.000 0.000 0.062 0 -0.400 -1.000 -0.400 -0.002 0 40.00
0.200 5.000 0.200 1.284 0 -0.400 -1.000 -0.400 -0.002 0 40.00
0.400 5.000 0.400 2.125 0 -0.400 -1.000 -0.400 -0.002 0 40.00
0.600 5.000 0.600 2.844 0 -0.400 -1.000 -0.400 -0.002 0 40.00
0.800 5.000 0.800 3.510 0 -0.400 -1.000 -0.400 -0.002 0 40.00
1.000 5.000 1.000 4.146 0 -0.400 -1.000 -0.400 -0.002 0 40.00
1.200 5.000 1.200 4.772 0 -0.400 -1.000 -0.400 -0.002 0 40.00
1.400 5.000 1.377 5.031 1 -0.400 -1.000 -0.400 -0.002 0 40.00
0.000 5.000 0.000 0.052 0 -0.500 -1.000 -0.500 -0.002 0 40.00
0.200 5.000 0.200 0.937 0 -0.500 -1.000 -0.500 -0.002 0 40.00
0.400 5.000 0.400 1.557 0 -0.500 -1.000 -0.500 -0.002 0 40.00
0.600 5.000 0.600 2.162 0 -0.500 -1.000 -0.500 -0.002 0 40.00
0.800 5.000 0.800 2.749 0 -0.500 -1.000 -0.500 -0.002 0 40.00
1.000 5.000 1.000 3.327 0 -0.500 -1.000 -0.500 -0.002 0 40.00
1.200 5.000 1.200 3.894 0 -0.500 -1.000 -0.500 -0.002 0 40.00
1.400 5.000 1.400 4.452 0 -0.500 -1.000 -0.500 -0.002 0 40.00
1.600 5.000 1.608 4.989 1 -0.500 -1.000 -0.500 -0.002 0 40.00
0.000 5.000 0.000 0.035 0 -0.600 -1.000 -0.600 -0.002 0 40.00
0.200 5.000 0.200 0.538 0 -0.600 -1.000 -0.600 -0.002 0 40.00
0.400 5.000 0.400 0.989 0 -0.600 -1.000 -0.600 -0.002 0 40.00
0.600 5.000 0.600 1.480 0 -0.600 -1.000 -0.600 -0.002 0 40.00
0.800 5.000 0.800 1.985 0 -0.600 -1.000 -0.600 -0.002 0 40.00
1.000 5.000 1.000 2.493 0 -0.600 -1.000 -0.600 -0.002 0 40.00
1.200 5.000 1.200 3.013 0 -0.600 -1.000 -0.600 -0.002 0 40.00
1.400 5.000 1.400 3.520 0 -0.600 -1.000 -0.600 -0.002 0 40.00
1.600 5.000 1.600 4.035 0 -0.600 -1.000 -0.600 -0.002 0 40.00
1.800 5.000 1.800 4.561 0 -0.600 -1.000 -0.600 -0.002 0 40.00
2.000 5.000 2.007 5.004 1 -0.600 -1.000 -0.600 -0.002 0 40.00
0.000 5.000 0.000 0.016 0 -0.700 -1.000 -0.700 -0.002 0 40.00
0.200 5.000 0.200 0.229 0 -0.700 -1.000 -0.700 -0.002 0 40.00
0.400 5.000 0.400 0.509 0 -0.700 -1.000 -0.700 -0.002 0 40.00
0.600 5.000 0.600 0.869 0 -0.700 -1.000 -0.700 -0.002 0 40.00
0.800 5.000 0.800 1.273 0 -0.700 -1.000 -0.700 -0.002 0 40.00
1.000 5.000 1.000 1.705 0 -0.700 -1.000 -0.700 -0.002 0 40.00
1.200 5.000 1.200 2.152 0 -0.700 -1.000 -0.700 -0.002 0 40.00
1.400 5.000 1.400 2.610 0 -0.700 -1.000 -0.700 -0.002 0 40.00
1.600 5.000 1.600 3.087 0 -0.700 -1.000 -0.700 -0.002 0 40.00
1.800 5.000 1.800 3.564 0 -0.700 -1.000 -0.700 -0.002 0 40.00
2.000 5.000 2.000 4.058 0 -0.700 -1.000 -0.700 -0.002 0 40.00
2.200 5.000 2.200 4.539 0 -0.700 -1.000 -0.700 -0.002 0 40.00
2.400 5.000 2.407 4.989 1 -0.700 -1.000 -0.700 -0.002 0 40.00
0.000 5.000 0.000 0.004 0 -0.800 -1.000 -0.800 -0.002 0 40.06
0.200 5.000 0.200 0.063 0 -0.800 -1.000 -0.800 -0.002 0 40.06
0.400 5.000 0.400 0.180 0 -0.800 -1.000 -0.800 -0.002 0 40.06
0.600 5.000 0.600 0.382 0 -0.800 -1.000 -0.800 -0.002 0 40.06
0.800 5.000 0.800 0.654 0 -0.800 -1.000 -0.800 -0.002 0 40.06
1.000 5.000 1.000 0.979 0 -0.800 -1.000 -0.800 -0.002 0 40.00
1.200 5.000 1.200 1.342 0 -0.800 -1.000 -0.800 -0.002 0 40.00
1.400 5.000 1.400 1.733 0 -0.800 -1.000 -0.800 -0.002 0 40.00
1.600 5.000 1.600 2.139 0 -0.800 -1.000 -0.800 -0.002 0 40.00
1.800 5.000 1.800 2.564 0 -0.800 -1.000 -0.800 -0.002 0 40.00
2.000 5.000 2.000 3.013 0 -0.800 -1.000 -0.800 -0.002 0 40.00
2.200 5.000 2.200 3.466 0 -0.800 -1.000 -0.800 -0.002 0 40.00
2.400 5.000 2.400 3.938 0 -0.800 -1.000 -0.800 -0.002 0 40.00
2.600 5.000 2.600 4.397 0 -0.800 -1.000 -0.800 -0.002 0 40.00
2.800 5.000 2.800 4.879 0 -0.800 -1.000 -0.800 -0.002 0 40.00
3.000 5.000 2.876 4.838 1 -0.800 -1.000 -0.800 -0.002 0 40.00
0.000 5.000 0.000 0.001 0 -0.900 -1.000 -0.900 -0.002 0 40.06
0.200 5.000 0.200 0.012 0 -0.900 -1.000 -0.900 -0.002 0 40.06
0.400 5.000 0.400 0.041 0 -0.900 -1.000 -0.900 -0.002 0 40.06
0.600 5.000 0.600 0.111 0 -0.900 -1.000 -0.900 -0.002 0 40.06
0.800 5.000 0.800 0.236 0 -0.900 -1.000 -0.900 -0.002 0 40.06
1.000 5.000 1.000 0.423 0 -0.900 -1.000 -0.900 -0.002 0 40.00
1.200 5.000 1.200 0.668 0 -0.900 -1.000 -0.900 -0.002 0 40.00
1.400 5.000 1.400 0.954 0 -0.900 -1.000 -0.900 -0.002 0 40.00
1.600 5.000 1.600 1.281 0 -0.900 -1.000 -0.900 -0.002 0 39.94
1.800 5.000 1.800 1.635 0 -0.900 -1.000 -0.900 -0.002 0 39.94
2.000 5.000 2.000 2.014 0 -0.900 -1.000 -0.900 -0.002 0 39.94
2.200 5.000 2.200 2.413 0 -0.900 -1.000 -0.900 -0.002 0 39.94
2.400 5.000 2.400 2.829 0 -0.900 -1.000 -0.900 -0.002 0 39.94
2.600 5.000 2.600 3.272 0 -0.900 -1.000 -0.900 -0.002 0 40.00
2.800 5.000 2.800 3.720 0 -0.900 -1.000 -0.900 -0.002 0 40.00
3.000 5.000 3.000 4.186 0 -0.900 -1.000 -0.900 -0.002 0 40.00
3.200 5.000 3.200 4.642 0 -0.900 -1.000 -0.900 -0.002 0 40.00
3.400 5.000 3.409 5.000 1 -0.900 -1.000 -0.900 -0.002 0 40.00
0.000 5.000 0.000 0.000 0 -1.000 -1.000 -1.000 -0.002 0 40.06
0.200 5.000 0.200 0.001 0 -1.000 -1.000 -1.000 -0.002 0 40.06
0.400 5.000 0.400 0.007 0 -1.000 -1.000 -1.000 -0.002 0 40.06
0.600 5.000 0.600 0.020 0 -1.000 -1.000 -1.000 -0.002 0 40.06
0.800 5.000 0.800 0.054 0 -1.000 -1.000 -1.000 -0.002 0 40.06
1.000 5.000 1.000 0.118 0 -1.000 -1.000 -1.000 -0.002 0 40.06
1.200 5.000 1.200 0.226 0 -1.000 -1.000 -1.000 -0.002 0 40.06
1.400 5.000 1.400 0.381 0 -1.000 -1.000 -1.000 -0.002 0 40.00
1.600 5.000 1.600 0.584 0 -1.000 -1.000 -1.000 -0.002 0 40.00
1.800 5.000 1.800 0.834 0 -1.000 -1.000 -1.000 -0.002 0 40.00
2.000 5.000 2.000 1.121 0 -1.000 -1.000 -1.000 -0.002 0 39.94
2.200 5.000 2.200 1.443 0 -1.000 -1.000 -1.000 -0.002 0 39.94
2.400 5.000 2.400 1.785 0 -1.000 -1.000 -1.000 -0.002 0 39.94
2.600 5.000 2.600 2.154 0 -1.000 -1.000 -1.000 -0.002 0 39.94
2.800 5.000 2.800 2.561 0 -1.000 -1.000 -1.000 -0.002 0 39.94
3.000 5.000 3.000 2.974 0 -1.000 -1.000 -1.000 -0.002 0 39.94
3.200 5.000 3.200 3.417 0 -1.000 -1.000 -1.000 -0.002 0 39.94
3.400 5.000 3.400 3.848 0 -1.000 -1.000 -1.000 -0.002 0 40.00
3.600 5.000 3.600 4.321 0 -1.000 -1.000 -1.000 -0.002 0 40.00
3.800 5.000 3.800 4.792 0 -1.000 -1.000 -1.000 -0.002 0 40.00
4.000 5.000 3.895 4.819 1 -1.000 -1.000 -1.000 -0.002 0 40.06
0.000 5.000 0.000 0.000 0 -1.100 -0.909 -1.100 -0.002 0 40.12
0.200 5.000 0.200 0.000 0 -1.100 -0.909 -1.100 -0.002 0 40.12
0.400 5.000 0.400 0.000 0 -1.100 -0.909 -1.100 -0.002 0 40.12
0.600 5.000 0.600 0.002 0 -1.100 -0.909 -1.100 -0.002 0 40.12
0.800 5.000 0.800 0.009 0 -1.100 -0.909 -1.100 -0.002 0 40.12
1.000 5.000 1.000 0.021 0 -1.100 -0.909 -1.100 -0.002 0 40.06
1.200 5.000 1.200 0.048 0 -1.100 -0.909 -1.100 -0.002 0 40.06
1.400 5.000 1.400 0.097 0 -1.100 -0.909 -1.100 -0.002 0 40.00
1.600 5.000 1.600 0.176 0 -1.100 -0.909 -1.100 -0.002 0 40.00
1.800 5.000 1.800 0.295 0 -1.100 -0.909 -1.100 -0.002 0 40.00
2.000 5.000 2.000 0.454 0 -1.100 -0.909 -1.100 -0.002 0 39.94
2.200 5.000 2.200 0.656 0 -1.100 -0.909 -1.100 -0.002 0 39.94
2.400 5.000 2.400 0.898 0 -1.100 -0.909 -1.100 -0.002 0 39.94
2.600 5.000 2.600 1.175 0 -1.100 -0.909 -1.100 -0.002 0 39.94
2.800 5.000 2.800 1.487 0 -1.100 -0.909 -1.100 -0.002 0 39.88
3.000 5.000 3.000 1.825 0 -1.100 -0.909 -1.100 -0.002 0 39.94
3.200 5.000 3.200 2.204 0 -1.100 -0.909 -1.100 -0.002 0 39.88
3.400 5.000 3.400 2.597 0 -1.100 -0.909 -1.100 -0.002 0 39.94
3.600 5.000 3.600 3.024 0 -1.100 -0.909 -1.100 -0.002 0 39.94
3.800 5.000 3.800 3.446 0 -1.100 -0.909 -1.100 -0.002 0 39.94
4.000 5.000 4.000 3.901 0 -1.100 -0.909 -1.100 -0.002 0 39.94
4.200 5.000 4.200 4.397 0 -1.100 -0.909 -1.100 -0.002 0 40.00
4.400 5.000 4.400 4.916 0 -1.100 -0.909 -1.100 -0.002 0 40.00
4.600 5.000 4.421 4.822 1 -1.100 -0.909 -1.100 -0.002 0 40.06
0.000 5.000 0.000 0.000 0 -1.200 -0.833 -1.200 -0.002 0 40.12
0.200 5.000 0.200 0.000 0 -1.200 -0.833 -1.200 -0.002 0 40.12
0.400 5.000 0.400 0.000 0 -1.200 -0.833 -1.200 -0.002 0 40.19
0.600 5.000 0.600 0.000 0 -1.200 -0.833 -1.200 -0.002 0 40.19
0.800 5.000 0.800 0.000 0 -1.200 -0.833 -1.200 -0.002 0 40.12
1.000 5.000 1.000 0.002 0 -1.200 -0.833 -1.200 -0.002 0 40.12
1.200 5.000 1.200 0.006 0 -1.200 -0.833 -1.200 -0.002 0 40.06
1.400 5.000 1.400 0.016 0 -1.200 -0.833 -1.200 -0.002 0 40.06
1.600 5.000 1.600 0.034 0 -1.200 -0.833 -1.200 -0.002 0 40.00
1.800 5.000 1.800 0.065 0 -1.200 -0.833 -1.200 -0.002 0 40.00
2.000 5.000 2.000 0.117 0 -1.200 -0.833 -1.200 -0.002 0 39.94
2.200 5.000 2.200 0.196 0 -1.200 -0.833 -1.200 -0.002 0 39.94
2.400 5.000 2.400 0.308 0 -1.200 -0.833 -1.200 -0.002 0 39.88
2.600 5.000 2.600 0.458 0 -1.200 -0.833 -1.200 -0.002 0 39.94
2.800 5.000 2.800 0.646 0 -1.200 -0.833 -1.200 -0.002 0 39.88
3.000 5.000 3.000 0.875 0 -1.200 -0.833 -1.200 -0.002 0 39.88
3.200 5.000 3.200 1.140 0 -1.200 -0.833 -1.200 -0.002 0 39.88
3.400 5.000 3.400 1.440 0 -1.200 -0.833 -1.200 -0.002 0 39.88
3.600 5.000 3.600 1.787 0 -1.200 -0.833 -1.200 -0.002 0 39.88
3.800 5.000 3.800 2.142 0 -1.200 -0.833 -1.200 -0.002 0 39.94
4.000 5.000 4.000 2.558 0 -1.200 -0.833 -1.200 -0.002 0 39.94
4.200 5.000 4.200 2.991 0 -1.200 -0.833 -1.200 -0.002 0 39.94
4.400 5.000 4.400 3.457 0 -1.200 -0.833 -1.200 -0.002 0 40.00
4.600 5.000 4.600 3.952 0 -1.200 -0.833 -1.200 -0.002 0 40.00
4.800 5.000 4.800 4.501 0 -1.200 -0.833 -1.200 -0.002 0 40.00
5.000 5.000 4.942 4.840 1 -1.200 -0.833 -1.200 -0.002 0 40.06
0.000 5.000 0.000 0.000 0 -1.300 -0.769 -1.300 -0.002 0 40.12
0.200 5.000 0.200 0.000 0 -1.300 -0.769 -1.300 -0.002 0 40.19
0.400 5.000 0.400 0.000 0 -1.300 -0.769 -1.300 -0.002 0 40.19
0.600 5.000 0.600 0.000 0 -1.300 -0.769 -1.300 -0.002 0 40.19
0.800 5.000 0.800 0.000 0 -1.300 -0.769 -1.300 -0.002 0 40.12
1.000 5.000 1.000 0.000 0 -1.300 -0.769 -1.300 -0.002 0 40.12
1.200 5.000 1.200 0.000 0 -1.300 -0.769 -1.300 -0.002 0 40.06
1.400 5.000 1.400 0.001 0 -1.300 -0.769 -1.300 -0.002 0 40.00
1.600 5.000 1.600 0.004 0 -1.300 -0.769 -1.300 -0.002 0 40.00
1.800 5.000 1.800 0.009 0 -1.300 -0.769 -1.300 -0.002 0 39.94
2.000 5.000 2.000 0.020 0 -1.300 -0.769 -1.300 -0.002 0 39.94
2.200 5.000 2.200 0.038 0 -1.300 -0.769 -1.300 -0.002 0 39.94
2.400 5.000 2.400 0.067 0 -1.300 -0.769 -1.300 -0.002 0 39.88
2.600 5.000 2.600 0.114 0 -1.300 -0.769 -1.300 -0.002 0 39.88
2.800 5.000 2.800 0.183 0 -1.300 -0.769 -1.300 -0.002 0 39.88
3.000 5.000 3.000 0.279 0 -1.300 -0.769 -1.300 -0.002 0 39.88
3.200 5.000 3.200 0.410 0 -1.300 -0.769 -1.300 -0.002 0 39.88
3.400 5.000 3.400 0.575 0 -1.300 -0.769 -1.300 -0.002 0 39.88
3.600 5.000 3.600 0.785 0 -1.300 -0.769 -1.300 -0.002 0 39.88
3.800 5.000 3.800 1.033 0 -1.300 -0.769 -1.300 -0.002 0 39.88
4.000 5.000 4.000 1.327 0 -1.300 -0.769 -1.300 -0.002 0 39.94
4.200 5.000 4.200 1.680 0 -1.300 -0.769 -1.300 -0.002 0 39.94
4.400 5.000 4.400 2.059 0 -1.300 -0.769 -1.300 -0.002 0 39.94
4.600 5.000 4.600 2.516 0 -1.300 -0.769 -1.300 -0.002 0 39.94
4.800 5.000 4.800 3.010 0 -1.300 -0.769 -1.300 -0.002 0 40.00
5.000 5.000 5.000 3.572 0 -1.300 -0.769 -1.300 -0.002 0 40.00
5.200 5.000 5.200 4.162 0 -1.300 -0.769 -1.300 -0.002 0 40.00
5.400 5.000 5.405 4.971 1 -1.300 -0.769 -1.300 -0.002 0 40.06
0.000 5.000 0.087 0.000 0 -1.400 -0.714 -1.400 -0.002 0 40.19
0.200 5.000 0.200 0.000 0 -1.400 -0.714 -1.400 -0.002 0 40.19
0.400 5.000 0.400 0.000 0 -1.400 -0.714 -1.400 -0.002 0 40.19
0.600 5.000 0.600 0.000 0 -1.400 -0.714 -1.400 -0.002 0 40.19
0.800 5.000 0.800 0.000 0 -1.400 -0.714 -1.400 -0.002 0 40.12
1.000 5.000 1.000 0.000 0 -1.400 -0.714 -1.400 -0.002 0 40.06
1.200 5.000 1.200 0.000 0 -1.400 -0.714 -1.400 -0.002 0 40.06
1.400 5.000 1.400 0.000 0 -1.400 -0.714 -1.400 -0.002 0 40.00
1.600 5.000 1.600 0.000 0 -1.400 -0.714 -1.400 -0.002 0 40.00
1.800 5.000 1.800 0.001 0 -1.400 -0.714 -1.400 -0.002 0 39.94
2.000 5.000 2.000 0.002 0 -1.400 -0.714 -1.400 -0.002 0 39.94
2.200 5.000 2.200 0.004 0 -1.400 -0.714 -1.400 -0.002 0 39.94
2.400 5.000 2.400 0.009 0 -1.400 -0.714 -1.400 -0.002 0 39.88
2.600 5.000 2.600 0.019 0 -1.400 -0.714 -1.400 -0.002 0 39.88
2.800 5.000 2.800 0.033 0 -1.400 -0.714 -1.400 -0.002 0 39.88
3.000 5.000 3.000 0.057 0 -1.400 -0.714 -1.400 -0.002 0 39.88
3.200 5.000 3.200 0.092 0 -1.400 -0.714 -1.400 -0.002 0 39.88
3.400 5.000 3.400 0.145 0 -1.400 -0.714 -1.400 -0.002 0 39.88
3.600 5.000 3.600 0.219 0 -1.400 -0.714 -1.400 -0.002 0 39.88
3.800 5.000 3.800 0.321 0 -1.400 -0.714 -1.400 -0.002 0 39.88
4.000 5.000 4.000 0.461 0 -1.400 -0.714 -1.400 -0.002 0 39.88
4.200 5.000 4.200 0.644 0 -1.400 -0.714 -1.400 -0.002 0 39.94
4.400 5.000 4.400 0.887 0 -1.400 -0.714 -1.400 -0.002 0 39.94
4.600 5.000 4.600 1.177 0 -1.400 -0.714 -1.400 -0.002 0 39.94
4.800 5.000 4.800 1.552 0 -1.400 -0.714 -1.400 -0.002 0 39.94
5.000 5.000 5.000 2.029 0 -1.400 -0.714 -1.400 -0.002 0 40.00
5.200 5.000 5.200 2.573 0 -1.400 -0.714 -1.400 -0.002 0 40.00
5.400 5.000 5.400 3.223 0 -1.400 -0.714 -1.400 -0.002 0 40.00
5.600 5.000 5.600 3.923 0 -1.400 -0.714 -1.400 -0.002 0 40.06
5.800 5.000 5.765 4.870 1 -1.400 -0.714 -1.400 -0.002 0 40.06
0.000 5.000 0.127 0.000 0 -1.500 -0.667 -1.500 -0.002 0 40.19
0.200 5.000 0.200 0.000 0 -1.500 -0.667 -1.500 -0.002 0 40.19
0.400 5.000 0.400 0.000 0 -1.500 -0.667 -1.500 -0.002 0 40.19
0.600 5.000 0.600 0.000 0 -1.500 -0.667 -1.500 -0.002 0 40.19
0.800 5.000 0.800 0.000 0 -1.500 -0.667 -1.500 -0.002 0 40.12
1.000 5.000 1.000 0.000 0 -1.500 -0.667 -1.500 -0.002 0 40.12
1.200 5.000 1.200 0.000 0 -1.500 -0.667 -1.500 -0.002 0 40.06
1.400 5.000 1.400 0.000 0 -1.500 -0.667 -1.500 -0.002 0 40.00
1.600 5.000 1.600 0.000 0 -1.500 -0.667 -1.500 -0.002 0 40.00
1.800 5.000 1.800 0.000 0 -1.500 -0.667 -1.500 -0.002 0 39.94
2.000 5.000 2.000 0.000 0 -1.500 -0.667 -1.500 -0.002 0 39.94
2.200 5.000 2.200 0.000 0 -1.500 -0.667 -1.500 -0.002 0 39.88
2.400 5.000 2.400 0.000 0 -1.500 -0.667 -1.500 -0.002 0 39.88
2.600 5.000 2.600 0.002 0 -1.500 -0.667 -1.500 -0.002 0 39.88
2.800 5.000 2.800 0.004 0 -1.500 -0.667 -1.500 -0.002 0 39.88
3.000 5.000 3.000 0.008 0 -1.500 -0.667 -1.500 -0.002 0 39.88
3.200 5.000 3.200 0.015 0 -1.500 -0.667 -1.500 -0.002 0 39.88
3.400 5.000 3.400 0.025 0 -1.500 -0.667 -1.500 -0.002 0 39.88
3.600 5.000 3.600 0.040 0 -1.500 -0.667 -1.500 -0.002 0 39.88
3.800 5.000 3.800 0.065 0 -1.500 -0.667 -1.500 -0.002 0 39.88
4.000 5.000 4.000 0.100 0 -1.500 -0.667 -1.500 -0.002 0 39.88
4.200 5.000 4.200 0.153 0 -1.500 -0.667 -1.500 -0.002 0 39.94
4.400 5.000 4.400 0.228 0 -1.500 -0.667 -1.500 -0.002 0 39.94
4.600 5.000 4.600 0.336 0 -1.500 -0.667 -1.500 -0.002 0 39.94
4.800 5.000 4.800 0.498 0 -1.500 -0.667 -1.500 -0.002 0 39.94
5.000 5.000 5.000 0.729 0 -1.500 -0.667 -1.500 -0.002 0 40.00
5.200 5.000 5.200 1.084 0 -1.500 -0.667 -1.500 -0.002 0 40.00
5.400 5.000 5.400 1.560 0 -1.500 -0.667 -1.500 -0.002 0 40.00
5.600 5.000 5.600 2.236 0 -1.500 -0.667 -1.500 -0.002 0 40.00
5.800 5.000 5.800 3.021 0 -1.500 -0.667 -1.500 -0.002 0 40.00
6.000 5.000 6.000 4.007 0 -1.500 -0.667 -1.500 -0.002 0 40.06
6.200 5.000 6.038 4.902 1 -1.500 -0.667 -1.500 -0.002 0 40.06
0.000 5.000 0.196 0.000 0 -1.600 -0.625 -1.600 -0.002 0 40.12
0.200 5.000 0.200 0.000 0 -1.600 -0.625 -1.600 -0.002 0 40.19
0.400 5.000 0.400 0.000 0 -1.600 -0.625 -1.600 -0.002 0 40.19
0.600 5.000 0.600 0.000 0 -1.600 -0.625 -1.600 -0.002 0 40.19
0.800 5.000 0.800 0.000 0 -1.600 -0.625 -1.600 -0.002 0 40.12
1.000 5.000 1.000 0.000 0 -1.600 -0.625 -1.600 -0.002 0 40.12
1.200 5.000 1.200 0.000 0 -1.600 -0.625 -1.600 -0.002 0 40.06
1.400 5.000 1.400 0.000 0 -1.600 -0.625 -1.600 -0.002 0 40.06
1.600 5.000 1.600 0.000 0 -1.600 -0.625 -1.600 -0.002 0 40.00
1.800 5.000 1.800 0.000 0 -1.600 -0.625 -1.600 -0.002 0 39.94
2.000 5.000 2.000 0.000 0 -1.600 -0.625 -1.600 -0.002 0 39.94
2.200 5.000 2.200 0.000 0 -1.600 -0.625 -1.600 -0.002 0 39.94
2.400 5.000 2.400 0.000 0 -1.600 -0.625 -1.600 -0.002 0 39.88
2.600 5.000 2.600 0.000 0 -1.600 -0.625 -1.600 -0.002 0 39.88
2.800 5.000 2.800 0.000 0 -1.600 -0.625 -1.600 -0.002 0 39.88
3.000 5.000 3.000 0.000 0 -1.600 -0.625 -1.600 -0.002 0 39.88
3.200 5.000 3.200 0.001 0 -1.600 -0.625 -1.600 -0.002 0 39.88
3.400 5.000 3.400 0.002 0 -1.600 -0.625 -1.600 -0.002 0 39.88
3.600 5.000 3.600 0.005 0 -1.600 -0.625 -1.600 -0.002 0 39.88
3.800 5.000 3.800 0.009 0 -1.600 -0.625 -1.600 -0.002 0 39.94
4.000 5.000 4.000 0.015 0 -1.600 -0.625 -1.600 -0.002 0 39.94
4.200 5.000 4.200 0.024 0 -1.600 -0.625 -1.600 -0.002 0 39.94
4.400 5.000 4.400 0.040 0 -1.600 -0.625 -1.600 -0.002 0 39.94
4.600 5.000 4.600 0.061 0 -1.600 -0.625 -1.600 -0.002 0 39.94
4.800 5.000 4.800 0.094 0 -1.600 -0.625 -1.600 -0.002 0 39.94
5.000 5.000 5.000 0.142 0 -1.600 -0.625 -1.600 -0.002 0 39.94
5.200 5.000 5.200 0.220 0 -1.600 -0.625 -1.600 -0.002 0 40.00
5.400 5.000 5.400 0.353 0 -1.600 -0.625 -1.600 -0.002 0 39.94
5.600 5.000 5.600 0.597 0 -1.600 -0.625 -1.600 -0.002 0 40.00
5.800 5.000 5.800 1.110 0 -1.600 -0.625 -1.600 -0.002 0 40.00
6.000 5.000 6.000 2.034 0 -1.600 -0.625 -1.600 -0.002 0 40.00
6.200 5.000 6.200 3.118 0 -1.600 -0.625 -1.600 -0.002 0 40.00
6.400 5.000 6.405 4.890 1 -1.600 -0.625 -1.600 -0.002 0 40.00
