% * Sample: LD1014D_270_T20
% * Date / time: 2022-01-02 12:24:33.367280
% Column 1:  PSU1 nominal voltage setting (V)
% Column 2:  PSU1 nominal current setting (A)
% Column 3:  PSU1 voltage measurement (V)
% Column 4:  PSU1 current measurement (I)
% Column 5:  PSU1 limiter flag
% Column 6:  PSU2 nominal voltage setting (V)
% Column 7:  PSU2 nominal current setting (A)
% Column 8:  PSU2 voltage measurement (V)
% Column 9:  PSU2 current measurement (I)
% Column 10: PSU2 limiter flag
% Column 11: Heaterblock temperature (°C)
% * OPERATING POINT AT END OF PREHEAT / IDLE: U0 = 2.400 V  I0 = 1.500 A  Uc = -1.006 V  Ic = -0.002 A  T = 20.50 °C
0.000 5.000 0.000 0.063 0 -0.000 -1.000 -0.004 -0.002 0 20.50
0.200 5.000 0.200 1.661 0 -0.000 -1.000 -0.004 -0.002 0 20.50
0.400 5.000 0.400 3.199 0 -0.000 -1.000 -0.004 -0.002 0 20.50
0.600 5.000 0.600 4.644 0 -0.000 -1.000 -0.004 -0.002 0 20.50
0.800 5.000 0.638 4.779 1 -0.000 -1.000 -0.004 -0.002 0 20.50
0.000 5.000 0.000 0.046 0 -0.100 -1.000 -0.100 -0.002 0 20.50
0.200 5.000 0.200 1.622 0 -0.100 -1.000 -0.100 -0.002 0 20.50
0.400 5.000 0.400 3.087 0 -0.100 -1.000 -0.100 -0.002 0 20.50
0.600 5.000 0.600 4.369 0 -0.100 -1.000 -0.100 -0.002 0 20.50
0.800 5.000 0.809 5.105 1 -0.100 -1.000 -0.100 -0.002 0 20.44
0.000 5.000 0.000 0.056 0 -0.200 -1.000 -0.200 -0.002 0 20.44
0.200 5.000 0.200 1.563 0 -0.200 -1.000 -0.200 -0.002 0 20.44
0.400 5.000 0.400 2.874 0 -0.200 -1.000 -0.200 -0.002 0 20.44
0.600 5.000 0.600 3.900 0 -0.200 -1.000 -0.200 -0.002 0 20.44
0.800 5.000 0.800 4.749 0 -0.200 -1.000 -0.200 -0.002 0 20.44
1.000 5.000 0.970 5.062 1 -0.200 -1.000 -0.200 -0.002 0 20.44
0.000 5.000 0.000 0.056 0 -0.300 -1.000 -0.300 -0.002 0 20.44
0.200 5.000 0.200 1.440 0 -0.300 -1.000 -0.300 -0.002 0 20.44
0.400 5.000 0.400 2.481 0 -0.300 -1.000 -0.300 -0.002 0 20.44
0.600 5.000 0.600 3.304 0 -0.300 -1.000 -0.300 -0.002 0 20.44
0.800 5.000 0.800 4.048 0 -0.300 -1.000 -0.300 -0.002 0 20.44
1.000 5.000 1.000 4.745 0 -0.300 -1.000 -0.300 -0.002 0 20.44
1.200 5.000 1.183 5.068 1 -0.300 -1.000 -0.300 -0.002 0 20.38
0.000 5.000 0.000 0.058 0 -0.400 -1.000 -0.400 -0.002 0 20.38
0.200 5.000 0.200 1.192 0 -0.400 -1.000 -0.400 -0.002 0 20.38
0.400 5.000 0.400 1.958 0 -0.400 -1.000 -0.400 -0.002 0 20.38
0.600 5.000 0.600 2.644 0 -0.400 -1.000 -0.400 -0.002 0 20.44
0.800 5.000 0.800 3.300 0 -0.400 -1.000 -0.400 -0.002 0 20.38
1.000 5.000 1.000 3.935 0 -0.400 -1.000 -0.400 -0.002 0 20.38
1.200 5.000 1.200 4.556 0 -0.400 -1.000 -0.400 -0.002 0 20.38
1.400 5.000 1.407 5.038 1 -0.400 -1.000 -0.400 -0.002 0 20.38
0.000 5.000 0.000 0.047 0 -0.500 -1.000 -0.500 -0.002 0 20.38
0.200 5.000 0.200 0.801 0 -0.500 -1.000 -0.500 -0.002 0 20.38
0.400 5.000 0.400 1.373 0 -0.500 -1.000 -0.500 -0.002 0 20.38
0.600 5.000 0.600 1.953 0 -0.500 -1.000 -0.500 -0.002 0 20.38
0.800 5.000 0.800 2.530 0 -0.500 -1.000 -0.500 -0.002 0 20.38
1.000 5.000 1.000 3.096 0 -0.500 -1.000 -0.500 -0.002 0 20.38
1.200 5.000 1.200 3.672 0 -0.500 -1.000 -0.500 -0.002 0 20.38
1.400 5.000 1.400 4.234 0 -0.500 -1.000 -0.500 -0.002 0 20.38
1.600 5.000 1.600 4.804 0 -0.500 -1.000 -0.500 -0.002 0 20.38
1.800 5.000 1.755 5.009 1 -0.500 -1.000 -0.500 -0.002 0 20.38
0.000 5.000 0.000 0.029 0 -0.600 -1.000 -0.600 -0.002 0 20.38
0.200 5.000 0.200 0.411 0 -0.600 -1.000 -0.600 -0.002 0 20.38
0.400 5.000 0.400 0.813 0 -0.600 -1.000 -0.600 -0.002 0 20.38
0.600 5.000 0.600 1.274 0 -0.600 -1.000 -0.600 -0.002 0 20.38
0.800 5.000 0.800 1.760 0 -0.600 -1.000 -0.600 -0.002 0 20.38
1.000 5.000 1.000 2.256 0 -0.600 -1.000 -0.600 -0.002 0 20.38
1.200 5.000 1.200 2.773 0 -0.600 -1.000 -0.600 -0.002 0 20.38
1.400 5.000 1.400 3.288 0 -0.600 -1.000 -0.600 -0.002 0 20.38
1.600 5.000 1.600 3.817 0 -0.600 -1.000 -0.600 -0.002 0 20.38
1.800 5.000 1.800 4.337 0 -0.600 -1.000 -0.600 -0.002 0 20.31
2.000 5.000 2.000 4.868 0 -0.600 -1.000 -0.600 -0.002 0 20.38
2.200 5.000 2.106 4.954 1 -0.600 -1.000 -0.600 -0.002 0 20.38
0.000 5.000 0.000 0.010 0 -0.700 -1.000 -0.700 -0.002 0 20.38
0.200 5.000 0.200 0.147 0 -0.700 -1.000 -0.700 -0.002 0 20.38
0.400 5.000 0.400 0.369 0 -0.700 -1.000 -0.700 -0.002 0 20.38
0.600 5.000 0.600 0.685 0 -0.700 -1.000 -0.700 -0.002 0 20.38
0.800 5.000 0.800 1.059 0 -0.700 -1.000 -0.700 -0.002 0 20.38
1.000 5.000 1.000 1.471 0 -0.700 -1.000 -0.700 -0.002 0 20.38
1.200 5.000 1.200 1.912 0 -0.700 -1.000 -0.700 -0.002 0 20.38
1.400 5.000 1.400 2.366 0 -0.700 -1.000 -0.700 -0.002 0 20.38
1.600 5.000 1.600 2.846 0 -0.700 -1.000 -0.700 -0.002 0 20.38
1.800 5.000 1.800 3.331 0 -0.700 -1.000 -0.700 -0.002 0 20.31
2.000 5.000 2.000 3.838 0 -0.700 -1.000 -0.700 -0.002 0 20.38
2.200 5.000 2.200 4.333 0 -0.700 -1.000 -0.700 -0.002 0 20.31
2.400 5.000 2.400 4.846 0 -0.700 -1.000 -0.700 -0.002 0 20.31
2.600 5.000 2.492 4.888 1 -0.700 -1.000 -0.700 -0.002 0 20.31
0.000 5.000 0.000 0.003 0 -0.800 -1.000 -0.800 -0.002 0 20.38
0.200 5.000 0.200 0.033 0 -0.800 -1.000 -0.800 -0.002 0 20.38
0.400 5.000 0.400 0.106 0 -0.800 -1.000 -0.800 -0.002 0 20.38
0.600 5.000 0.600 0.255 0 -0.800 -1.000 -0.800 -0.002 0 20.38
0.800 5.000 0.800 0.482 0 -0.800 -1.000 -0.800 -0.002 0 20.38
1.000 5.000 1.000 0.773 0 -0.800 -1.000 -0.800 -0.002 0 20.38
1.200 5.000 1.200 1.111 0 -0.800 -1.000 -0.800 -0.002 0 20.38
1.400 5.000 1.400 1.484 0 -0.800 -1.000 -0.800 -0.002 0 20.38
1.600 5.000 1.600 1.893 0 -0.800 -1.000 -0.800 -0.002 0 20.38
1.800 5.000 1.800 2.321 0 -0.800 -1.000 -0.800 -0.002 0 20.31
2.000 5.000 2.000 2.778 0 -0.800 -1.000 -0.800 -0.002 0 20.31
2.200 5.000 2.200 3.232 0 -0.800 -1.000 -0.800 -0.002 0 20.31
2.400 5.000 2.400 3.709 0 -0.800 -1.000 -0.800 -0.002 0 20.31
2.600 5.000 2.600 4.214 0 -0.800 -1.000 -0.800 -0.002 0 20.31
2.800 5.000 2.800 4.720 0 -0.800 -1.000 -0.800 -0.002 0 20.31
3.000 5.000 2.966 4.961 1 -0.800 -1.000 -0.800 -0.002 0 20.31
0.000 5.000 0.000 0.000 0 -0.900 -1.000 -0.900 -0.002 0 20.38
0.200 5.000 0.200 0.004 0 -0.900 -1.000 -0.900 -0.002 0 20.38
0.400 5.000 0.400 0.019 0 -0.900 -1.000 -0.900 -0.002 0 20.38
0.600 5.000 0.600 0.058 0 -0.900 -1.000 -0.900 -0.002 0 20.38
0.800 5.000 0.800 0.140 0 -0.900 -1.000 -0.900 -0.002 0 20.38
1.000 5.000 1.000 0.280 0 -0.900 -1.000 -0.900 -0.002 0 20.38
1.200 5.000 1.200 0.483 0 -0.900 -1.000 -0.900 -0.002 0 20.38
1.400 5.000 1.400 0.739 0 -0.900 -1.000 -0.900 -0.002 0 20.38
1.600 5.000 1.600 1.043 0 -0.900 -1.000 -0.900 -0.002 0 20.31
1.800 5.000 1.800 1.381 0 -0.900 -1.000 -0.900 -0.002 0 20.31
2.000 5.000 2.000 1.753 0 -0.900 -1.000 -0.900 -0.002 0 20.31
2.200 5.000 2.200 2.162 0 -0.900 -1.000 -0.900 -0.002 0 20.31
2.400 5.000 2.400 2.588 0 -0.900 -1.000 -0.900 -0.002 0 20.31
2.600 5.000 2.600 3.046 0 -0.900 -1.000 -0.900 -0.002 0 20.31
2.800 5.000 2.800 3.502 0 -0.900 -1.000 -0.900 -0.002 0 20.31
3.000 5.000 3.000 4.000 0 -0.900 -1.000 -0.900 -0.002 0 20.31
3.200 5.000 3.200 4.498 0 -0.900 -1.000 -0.900 -0.002 0 20.31
3.400 5.000 3.407 5.001 1 -0.900 -1.000 -0.900 -0.002 0 20.31
0.000 5.000 0.000 0.000 0 -1.000 -1.000 -1.000 -0.002 0 20.38
0.200 5.000 0.200 0.000 0 -1.000 -1.000 -1.000 -0.002 0 20.38
0.400 5.000 0.400 0.002 0 -1.000 -1.000 -1.000 -0.002 0 20.38
0.600 5.000 0.600 0.009 0 -1.000 -1.000 -1.000 -0.002 0 20.38
0.800 5.000 0.800 0.025 0 -1.000 -1.000 -1.000 -0.002 0 20.38
1.000 5.000 1.000 0.060 0 -1.000 -1.000 -1.000 -0.002 0 20.38
1.200 5.000 1.200 0.130 0 -1.000 -1.000 -1.000 -0.002 0 20.38
1.400 5.000 1.400 0.242 0 -1.000 -1.000 -1.000 -0.002 0 20.38
1.600 5.000 1.600 0.404 0 -1.000 -1.000 -1.000 -0.002 0 20.31
1.800 5.000 1.800 0.619 0 -1.000 -1.000 -1.000 -0.002 0 20.31
2.000 5.000 2.000 0.877 0 -1.000 -1.000 -1.000 -0.002 0 20.31
2.200 5.000 2.200 1.185 0 -1.000 -1.000 -1.000 -0.002 0 20.31
2.400 5.000 2.400 1.526 0 -1.000 -1.000 -1.000 -0.002 0 20.31
2.600 5.000 2.600 1.899 0 -1.000 -1.000 -1.000 -0.002 0 20.31
2.800 5.000 2.800 2.305 0 -1.000 -1.000 -1.000 -0.002 0 20.25
3.000 5.000 3.000 2.731 0 -1.000 -1.000 -1.000 -0.002 0 20.25
3.200 5.000 3.200 3.202 0 -1.000 -1.000 -1.000 -0.002 0 20.31
3.400 5.000 3.400 3.677 0 -1.000 -1.000 -1.000 -0.002 0 20.31
3.600 5.000 3.600 4.190 0 -1.000 -1.000 -1.000 -0.002 0 20.31
3.800 5.000 3.800 4.681 0 -1.000 -1.000 -1.000 -0.002 0 20.31
4.000 5.000 3.934 4.904 1 -1.000 -1.000 -1.000 -0.002 0 20.31
0.000 5.000 0.000 0.000 0 -1.100 -0.909 -1.100 -0.002 0 20.38
0.200 5.000 0.200 0.000 0 -1.100 -0.909 -1.100 -0.002 0 20.38
0.400 5.000 0.400 0.000 0 -1.100 -0.909 -1.100 -0.002 0 20.38
0.600 5.000 0.600 0.000 0 -1.100 -0.909 -1.100 -0.002 0 20.38
0.800 5.000 0.800 0.002 0 -1.100 -0.909 -1.100 -0.002 0 20.38
1.000 5.000 1.000 0.008 0 -1.100 -0.909 -1.100 -0.002 0 20.38
1.200 5.000 1.200 0.021 0 -1.100 -0.909 -1.100 -0.002 0 20.38
1.400 5.000 1.400 0.048 0 -1.100 -0.909 -1.100 -0.002 0 20.38
1.600 5.000 1.600 0.096 0 -1.100 -0.909 -1.100 -0.002 0 20.38
1.800 5.000 1.800 0.175 0 -1.100 -0.909 -1.100 -0.002 0 20.31
2.000 5.000 2.000 0.294 0 -1.100 -0.909 -1.100 -0.002 0 20.31
2.200 5.000 2.200 0.457 0 -1.100 -0.909 -1.100 -0.002 0 20.31
2.400 5.000 2.400 0.670 0 -1.100 -0.909 -1.100 -0.002 0 20.31
2.600 5.000 2.600 0.920 0 -1.100 -0.909 -1.100 -0.002 0 20.31
2.800 5.000 2.800 1.227 0 -1.100 -0.909 -1.100 -0.002 0 20.25
3.000 5.000 3.000 1.565 0 -1.100 -0.909 -1.100 -0.002 0 20.31
3.200 5.000 3.200 1.942 0 -1.100 -0.909 -1.100 -0.002 0 20.25
3.400 5.000 3.400 2.352 0 -1.100 -0.909 -1.100 -0.002 0 20.25
3.600 5.000 3.600 2.793 0 -1.100 -0.909 -1.100 -0.002 0 20.25
3.800 5.000 3.800 3.278 0 -1.100 -0.909 -1.100 -0.002 0 20.31
4.000 5.000 4.000 3.776 0 -1.100 -0.909 -1.100 -0.002 0 20.25
4.200 5.000 4.200 4.322 0 -1.100 -0.909 -1.100 -0.002 0 20.31
4.400 5.000 4.400 4.875 0 -1.100 -0.909 -1.100 -0.002 0 20.31
4.600 5.000 4.413 4.840 1 -1.100 -0.909 -1.100 -0.002 0 20.31
0.000 5.000 0.000 0.000 0 -1.200 -0.833 -1.200 -0.002 0 20.38
0.200 5.000 0.200 0.000 0 -1.200 -0.833 -1.200 -0.002 0 20.44
0.400 5.000 0.400 0.000 0 -1.200 -0.833 -1.200 -0.002 0 20.44
0.600 5.000 0.600 0.000 0 -1.200 -0.833 -1.200 -0.002 0 20.44
0.800 5.000 0.800 0.000 0 -1.200 -0.833 -1.200 -0.002 0 20.44
1.000 5.000 1.000 0.001 0 -1.200 -0.833 -1.200 -0.002 0 20.38
1.200 5.000 1.200 0.002 0 -1.200 -0.833 -1.200 -0.002 0 20.38
1.400 5.000 1.400 0.005 0 -1.200 -0.833 -1.200 -0.002 0 20.38
1.600 5.000 1.600 0.014 0 -1.200 -0.833 -1.200 -0.002 0 20.38
1.800 5.000 1.800 0.031 0 -1.200 -0.833 -1.200 -0.002 0 20.38
2.000 5.000 2.000 0.059 0 -1.200 -0.833 -1.200 -0.002 0 20.31
2.200 5.000 2.200 0.107 0 -1.200 -0.833 -1.200 -0.002 0 20.31
2.400 5.000 2.400 0.183 0 -1.200 -0.833 -1.200 -0.002 0 20.31
2.600 5.000 2.600 0.292 0 -1.200 -0.833 -1.200 -0.002 0 20.31
2.800 5.000 2.800 0.445 0 -1.200 -0.833 -1.200 -0.002 0 20.25
3.000 5.000 3.000 0.640 0 -1.200 -0.833 -1.200 -0.002 0 20.25
3.200 5.000 3.200 0.887 0 -1.200 -0.833 -1.200 -0.002 0 20.25
3.400 5.000 3.400 1.168 0 -1.200 -0.833 -1.200 -0.002 0 20.25
3.600 5.000 3.600 1.503 0 -1.200 -0.833 -1.200 -0.002 0 20.25
3.800 5.000 3.800 1.899 0 -1.200 -0.833 -1.200 -0.002 0 20.25
4.000 5.000 4.000 2.329 0 -1.200 -0.833 -1.200 -0.002 0 20.25
4.200 5.000 4.200 2.820 0 -1.200 -0.833 -1.200 -0.002 0 20.25
4.400 5.000 4.400 3.314 0 -1.200 -0.833 -1.200 -0.002 0 20.25
4.600 5.000 4.600 3.998 0 -1.200 -0.833 -1.200 -0.002 0 20.31
4.800 5.000 4.800 4.525 0 -1.200 -0.833 -1.200 -0.002 0 20.31
5.000 5.000 4.891 4.851 1 -1.200 -0.833 -1.200 -0.002 0 20.31
0.000 5.000 0.051 0.000 0 -1.300 -0.769 -1.300 -0.002 0 20.44
0.200 5.000 0.200 0.000 0 -1.300 -0.769 -1.300 -0.002 0 20.44
0.400 5.000 0.400 0.000 0 -1.300 -0.769 -1.300 -0.002 0 20.44
0.600 5.000 0.600 0.000 0 -1.300 -0.769 -1.300 -0.002 0 20.44
0.800 5.000 0.800 0.000 0 -1.300 -0.769 -1.300 -0.002 0 20.44
1.000 5.000 1.000 0.000 0 -1.300 -0.769 -1.300 -0.002 0 20.44
1.200 5.000 1.200 0.000 0 -1.300 -0.769 -1.300 -0.002 0 20.38
1.400 5.000 1.400 0.000 0 -1.300 -0.769 -1.300 -0.002 0 20.38
1.600 5.000 1.600 0.001 0 -1.300 -0.769 -1.300 -0.002 0 20.38
1.800 5.000 1.800 0.003 0 -1.300 -0.769 -1.300 -0.002 0 20.31
2.000 5.000 2.000 0.007 0 -1.300 -0.769 -1.300 -0.002 0 20.31
2.200 5.000 2.200 0.017 0 -1.300 -0.769 -1.300 -0.002 0 20.31
2.400 5.000 2.400 0.031 0 -1.300 -0.769 -1.300 -0.002 0 20.31
2.600 5.000 2.600 0.056 0 -1.300 -0.769 -1.300 -0.002 0 20.31
2.800 5.000 2.800 0.098 0 -1.300 -0.769 -1.300 -0.002 0 20.25
3.000 5.000 3.000 0.160 0 -1.300 -0.769 -1.300 -0.002 0 20.25
3.200 5.000 3.200 0.252 0 -1.300 -0.769 -1.300 -0.002 0 20.25
3.400 5.000 3.400 0.381 0 -1.300 -0.769 -1.300 -0.002 0 20.25
3.600 5.000 3.600 0.549 0 -1.300 -0.769 -1.300 -0.002 0 20.25
3.800 5.000 3.800 0.773 0 -1.300 -0.769 -1.300 -0.002 0 20.25
4.000 5.000 4.000 1.052 0 -1.300 -0.769 -1.300 -0.002 0 20.25
4.200 5.000 4.200 1.393 0 -1.300 -0.769 -1.300 -0.002 0 20.25
4.400 5.000 4.400 1.802 0 -1.300 -0.769 -1.300 -0.002 0 20.25
4.600 5.000 4.600 2.275 0 -1.300 -0.769 -1.300 -0.002 0 20.25
4.800 5.000 4.800 2.845 0 -1.300 -0.769 -1.300 -0.002 0 20.25
5.000 5.000 5.000 3.449 0 -1.300 -0.769 -1.300 -0.002 0 20.25
5.200 5.000 5.200 4.164 0 -1.300 -0.769 -1.300 -0.002 0 20.25
5.400 5.000 5.353 4.883 1 -1.300 -0.769 -1.300 -0.002 0 20.25
0.000 5.000 0.095 0.000 0 -1.400 -0.714 -1.400 -0.002 0 20.38
0.200 5.000 0.200 0.000 0 -1.400 -0.714 -1.400 -0.002 0 20.38
0.400 5.000 0.400 0.000 0 -1.400 -0.714 -1.400 -0.002 0 20.38
0.600 5.000 0.600 0.000 0 -1.400 -0.714 -1.400 -0.002 0 20.38
0.800 5.000 0.800 0.000 0 -1.400 -0.714 -1.400 -0.002 0 20.38
1.000 5.000 1.000 0.000 0 -1.400 -0.714 -1.400 -0.002 0 20.38
1.200 5.000 1.200 0.000 0 -1.400 -0.714 -1.400 -0.002 0 20.38
1.400 5.000 1.400 0.000 0 -1.400 -0.714 -1.400 -0.002 0 20.31
1.600 5.000 1.600 0.000 0 -1.400 -0.714 -1.400 -0.002 0 20.31
1.800 5.000 1.800 0.000 0 -1.400 -0.714 -1.400 -0.002 0 20.31
2.000 5.000 2.000 0.000 0 -1.400 -0.714 -1.400 -0.002 0 20.31
2.200 5.000 2.200 0.001 0 -1.400 -0.714 -1.400 -0.002 0 20.31
2.400 5.000 2.400 0.003 0 -1.400 -0.714 -1.400 -0.002 0 20.25
2.600 5.000 2.600 0.007 0 -1.400 -0.714 -1.400 -0.002 0 20.25
2.800 5.000 2.800 0.014 0 -1.400 -0.714 -1.400 -0.002 0 20.25
3.000 5.000 3.000 0.025 0 -1.400 -0.714 -1.400 -0.002 0 20.25
3.200 5.000 3.200 0.044 0 -1.400 -0.714 -1.400 -0.002 0 20.25
3.400 5.000 3.400 0.074 0 -1.400 -0.714 -1.400 -0.002 0 20.19
3.600 5.000 3.600 0.119 0 -1.400 -0.714 -1.400 -0.002 0 20.19
3.800 5.000 3.800 0.186 0 -1.400 -0.714 -1.400 -0.002 0 20.19
4.000 5.000 4.000 0.283 0 -1.400 -0.714 -1.400 -0.002 0 20.19
4.200 5.000 4.200 0.425 0 -1.400 -0.714 -1.400 -0.002 0 20.19
4.400 5.000 4.400 0.620 0 -1.400 -0.714 -1.400 -0.002 0 20.19
4.600 5.000 4.600 0.900 0 -1.400 -0.714 -1.400 -0.002 0 20.19
4.800 5.000 4.800 1.259 0 -1.400 -0.714 -1.400 -0.002 0 20.19
5.000 5.000 5.000 1.763 0 -1.400 -0.714 -1.400 -0.002 0 20.19
5.200 5.000 5.200 2.362 0 -1.400 -0.714 -1.400 -0.002 0 20.19
5.400 5.000 5.400 3.055 0 -1.400 -0.714 -1.400 -0.002 0 20.19
5.600 5.000 5.600 3.846 0 -1.400 -0.714 -1.400 -0.002 0 20.19
5.800 5.000 5.744 4.864 1 -1.400 -0.714 -1.400 -0.002 0 20.19
0.000 5.000 0.148 0.000 0 -1.500 -0.667 -1.500 -0.002 0 20.31
0.200 5.000 0.200 0.000 0 -1.500 -0.667 -1.500 -0.002 0 20.31
0.400 5.000 0.400 0.000 0 -1.500 -0.667 -1.500 -0.002 0 20.38
0.600 5.000 0.600 0.000 0 -1.500 -0.667 -1.500 -0.002 0 20.31
0.800 5.000 0.800 0.000 0 -1.500 -0.667 -1.500 -0.002 0 20.31
1.000 5.000 1.000 0.000 0 -1.500 -0.667 -1.500 -0.002 0 20.31
1.200 5.000 1.200 0.000 0 -1.500 -0.667 -1.500 -0.002 0 20.31
1.400 5.000 1.400 0.000 0 -1.500 -0.667 -1.500 -0.002 0 20.31
1.600 5.000 1.600 0.000 0 -1.500 -0.667 -1.500 -0.002 0 20.25
1.800 5.000 1.800 0.000 0 -1.500 -0.667 -1.500 -0.002 0 20.25
2.000 5.000 2.000 0.000 0 -1.500 -0.667 -1.500 -0.002 0 20.25
2.200 5.000 2.200 0.000 0 -1.500 -0.667 -1.500 -0.002 0 20.25
2.400 5.000 2.400 0.000 0 -1.500 -0.667 -1.500 -0.002 0 20.25
2.600 5.000 2.600 0.000 0 -1.500 -0.667 -1.500 -0.002 0 20.19
2.800 5.000 2.800 0.001 0 -1.500 -0.667 -1.500 -0.002 0 20.19
3.000 5.000 3.000 0.002 0 -1.500 -0.667 -1.500 -0.002 0 20.19
3.200 5.000 3.200 0.005 0 -1.500 -0.667 -1.500 -0.002 0 20.19
3.400 5.000 3.400 0.009 0 -1.500 -0.667 -1.500 -0.002 0 20.19
3.600 5.000 3.600 0.018 0 -1.500 -0.667 -1.500 -0.002 0 20.19
3.800 5.000 3.800 0.029 0 -1.500 -0.667 -1.500 -0.002 0 20.12
4.000 5.000 4.000 0.049 0 -1.500 -0.667 -1.500 -0.002 0 20.12
4.200 5.000 4.200 0.077 0 -1.500 -0.667 -1.500 -0.002 0 20.12
4.400 5.000 4.400 0.122 0 -1.500 -0.667 -1.500 -0.002 0 20.12
4.600 5.000 4.600 0.188 0 -1.500 -0.667 -1.500 -0.002 0 20.12
4.800 5.000 4.800 0.293 0 -1.500 -0.667 -1.500 -0.002 0 20.12
5.000 5.000 5.000 0.468 0 -1.500 -0.667 -1.500 -0.002 0 20.12
5.200 5.000 5.200 0.756 0 -1.500 -0.667 -1.500 -0.002 0 20.12
5.400 5.000 5.400 1.260 0 -1.500 -0.667 -1.500 -0.002 0 20.12
5.600 5.000 5.600 1.941 0 -1.500 -0.667 -1.500 -0.002 0 20.12
5.800 5.000 5.800 2.802 0 -1.500 -0.667 -1.500 -0.002 0 20.12
6.000 5.000 6.000 3.842 0 -1.500 -0.667 -1.500 -0.002 0 20.12
6.200 5.000 6.005 4.876 1 -1.500 -0.667 -1.500 -0.002 0 20.12
0.000 5.000 0.193 0.000 0 -1.600 -0.625 -1.600 -0.002 0 20.25
0.200 5.000 0.200 0.000 0 -1.600 -0.625 -1.600 -0.002 0 20.25
0.400 5.000 0.400 0.000 0 -1.600 -0.625 -1.600 -0.002 0 20.31
0.600 5.000 0.600 0.000 0 -1.600 -0.625 -1.600 -0.002 0 20.25
0.800 5.000 0.800 0.000 0 -1.600 -0.625 -1.600 -0.002 0 20.25
1.000 5.000 1.000 0.000 0 -1.600 -0.625 -1.600 -0.002 0 20.25
1.200 5.000 1.200 0.000 0 -1.600 -0.625 -1.600 -0.002 0 20.25
1.400 5.000 1.400 0.000 0 -1.600 -0.625 -1.600 -0.002 0 20.25
1.600 5.000 1.600 0.000 0 -1.600 -0.625 -1.600 -0.002 0 20.19
1.800 5.000 1.800 0.000 0 -1.600 -0.625 -1.600 -0.002 0 20.19
2.000 5.000 2.000 0.000 0 -1.600 -0.625 -1.600 -0.002 0 20.19
2.200 5.000 2.200 0.000 0 -1.600 -0.625 -1.600 -0.002 0 20.19
2.400 5.000 2.400 0.000 0 -1.600 -0.625 -1.600 -0.002 0 20.19
2.600 5.000 2.600 0.000 0 -1.600 -0.625 -1.600 -0.002 0 20.12
2.800 5.000 2.800 0.000 0 -1.600 -0.625 -1.600 -0.002 0 20.12
3.000 5.000 3.000 0.000 0 -1.600 -0.625 -1.600 -0.002 0 20.12
3.200 5.000 3.200 0.000 0 -1.600 -0.625 -1.600 -0.002 0 20.12
3.400 5.000 3.400 0.000 0 -1.600 -0.625 -1.600 -0.002 0 20.12
3.600 5.000 3.600 0.001 0 -1.600 -0.625 -1.600 -0.002 0 20.12
3.800 5.000 3.800 0.002 0 -1.600 -0.625 -1.600 -0.002 0 20.12
4.000 5.000 4.000 0.005 0 -1.600 -0.625 -1.600 -0.002 0 20.06
4.200 5.000 4.200 0.010 0 -1.600 -0.625 -1.600 -0.002 0 20.06
4.400 5.000 4.400 0.016 0 -1.600 -0.625 -1.600 -0.002 0 20.06
4.600 5.000 4.600 0.027 0 -1.600 -0.625 -1.600 -0.002 0 20.06
4.800 5.000 4.800 0.043 0 -1.600 -0.625 -1.600 -0.002 0 20.06
5.000 5.000 5.000 0.068 0 -1.600 -0.625 -1.600 -0.002 0 20.06
5.200 5.000 5.200 0.109 0 -1.600 -0.625 -1.600 -0.002 0 20.06
5.400 5.000 5.400 0.179 0 -1.600 -0.625 -1.600 -0.002 0 20.06
5.600 5.000 5.600 0.320 0 -1.600 -0.625 -1.600 -0.002 0 20.06
5.800 5.000 5.800 0.718 0 -1.600 -0.625 -1.600 -0.002 0 20.06
6.000 5.000 6.000 1.667 0 -1.600 -0.625 -1.600 -0.002 0 20.06
6.200 5.000 6.200 2.882 0 -1.600 -0.625 -1.600 -0.002 0 20.06
6.400 5.000 6.400 4.389 0 -1.600 -0.625 -1.600 -0.002 0 20.00
6.600 5.000 6.188 4.919 1 -1.600 -0.625 -1.600 -0.002 0 20.06
